0 1
0 999
0 2
0 998
1 999
1 281
1 53
1 233
2 142
2 177
2 695
2 772
3 4
3 5
4 5
4 6
5 6
5 677
5 939
6 8
6 432
6 971
7 9
7 95
8 10
8 517
8 457
9 10
9 524
9 880
10 11
10 517
10 440
11 12
11 694
12 13
12 14
12 559
13 14
13 15
14 15
14 16
14 551
15 890
15 903
15 404
16 18
16 825
16 247
17 432
17 209
18 19
18 20
19 980
19 140
19 517
20 21
20 22
20 455
21 389
21 122
21 38
22 867
22 764
23 24
23 25
24 44
24 545
25 26
25 27
26 27
26 28
26 467
27 28
27 29
28 29
28 30
29 30
29 882
30 31
30 32
31 32
31 33
32 33
32 34
32 57
33 34
33 320
34 35
34 36
34 839
35 37
35 233
36 37
36 38
37 38
37 39
38 39
39 40
39 41
39 480
40 41
40 621
40 970
41 42
41 43
41 632
42 43
42 44
43 45
43 363
44 273
44 864
45 46
45 446
45 736
46 47
46 48
46 553
46 853
46 406
47 49
47 650
47 356
48 50
48 746
48 77
49 51
49 473
50 51
50 52
51 52
51 53
51 434
51 571
52 53
52 563
52 522
53 54
53 55
54 55
54 56
55 56
55 794
56 57
56 58
57 59
58 59
58 60
59 60
59 61
59 187
60 935
60 149
61 62
61 956
61 177
62 63
62 64
63 64
63 65
63 100
64 65
64 66
65 66
65 134
65 910
65 791
66 67
66 68
67 68
67 69
68 70
68 252
69 70
69 71
69 197
70 71
70 72
70 743
71 72
71 73
71 294
72 73
72 74
73 74
73 75
74 75
74 76
74 419
75 76
75 77
76 78
76 505
76 893
77 79
77 917
78 79
78 80
79 81
79 163
79 396
80 81
80 82
81 82
81 83
82 84
82 390
82 926
83 84
83 203
83 445
83 589
83 472
84 85
84 86
85 566
85 851
85 191
86 87
86 660
87 89
87 738
87 952
88 90
88 906
89 90
89 91
89 943
90 92
90 656
90 650
91 92
91 93
91 947
92 94
92 161
93 94
93 95
94 95
94 96
95 96
95 97
96 98
96 512
96 118
97 98
97 99
98 99
98 100
98 953
99 101
99 640
99 150
100 654
101 102
101 103
102 104
102 382
102 548
103 104
103 105
104 105
104 106
105 106
105 661
106 107
106 253
107 109
107 331
108 109
108 110
109 111
109 371
110 111
110 112
111 112
111 113
112 113
112 114
113 115
113 899
114 115
114 116
115 117
115 749
115 615
116 117
116 646
116 329
117 119
117 778
118 119
118 233
119 121
119 675
120 121
120 122
121 122
121 872
122 124
122 893
122 199
122 539
123 124
123 125
124 125
124 126
124 223
125 126
125 127
125 881
126 127
126 128
127 128
127 358
127 383
128 129
128 130
129 130
129 131
129 928
130 131
130 132
130 259
130 330
131 132
131 725
132 133
132 134
133 134
133 135
134 136
134 210
135 136
135 137
135 144
135 680
136 137
136 138
136 376
137 139
137 225
138 140
138 724
138 436
138 262
138 339
139 140
139 141
140 142
140 927
140 149
141 143
141 338
141 526
142 144
142 243
143 145
143 497
143 630
144 146
145 146
145 147
146 147
146 219
147 148
147 149
148 150
148 484
148 898
149 150
149 816
150 302
151 152
151 153
152 153
152 789
152 864
153 154
153 155
154 155
154 156
155 157
155 669
156 157
156 158
156 651
157 159
157 412
157 934
158 159
158 160
159 160
159 161
160 196
160 185
161 163
161 459
162 164
162 187
163 165
163 255
163 283
163 443
164 165
164 644
164 448
165 827
165 373
166 167
166 168
166 273
166 904
167 168
167 454
168 170
168 553
169 170
169 171
169 610
170 171
170 172
170 751
171 172
171 244
172 173
172 174
173 175
173 497
174 175
174 176
175 176
175 177
176 177
176 178
177 179
177 590
178 179
178 180
179 181
179 802
179 760
180 181
180 493
180 391
181 183
181 713
182 183
182 184
183 184
183 204
184 185
184 186
184 696
185 186
185 256
186 303
186 492
187 189
188 189
188 190
189 190
189 866
190 191
190 192
190 196
190 330
191 598
192 193
192 194
193 194
193 927
194 195
194 196
195 197
195 520
195 686
196 932
197 461
198 199
198 200
199 201
200 201
200 202
201 202
201 203
202 203
202 204
203 205
203 355
204 205
204 229
204 266
205 206
205 953
205 357
206 207
206 731
206 265
207 208
207 209
208 210
208 733
209 210
209 293
210 212
211 212
211 213
211 731
212 214
212 323
212 899
213 214
213 215
213 790
214 215
214 216
215 217
215 636
215 409
216 217
216 218
216 588
217 218
217 884
217 220
218 220
218 518
219 221
219 955
219 403
220 221
220 222
221 223
221 250
221 893
222 223
222 295
222 738
223 853
223 847
224 225
224 423
224 429
225 226
225 227
226 227
226 228
226 527
227 228
227 856
228 229
228 230
228 714
229 230
229 231
230 231
230 527
231 232
231 233
232 234
232 899
234 235
234 236
234 625
235 236
235 426
236 288
236 401
236 684
237 238
237 595
237 998
238 239
238 240
239 241
239 649
239 842
240 241
240 242
241 242
241 243
241 315
242 244
242 929
243 244
243 894
244 246
244 433
245 246
245 247
246 248
246 341
246 249
247 248
247 519
247 431
248 249
248 250
248 776
249 759
250 251
250 252
251 252
251 253
252 253
252 254
252 541
252 932
253 255
253 967
253 391
253 433
254 255
254 256
255 256
255 265
255 374
255 559
256 257
256 258
257 258
257 259
257 537
257 965
258 259
258 260
259 261
260 262
260 373
260 686
261 262
261 263
261 767
262 263
263 264
263 794
264 265
264 266
266 267
266 438
266 334
267 268
267 269
268 269
268 270
269 270
269 271
270 271
270 272
271 272
271 273
271 907
272 273
272 274
273 664
273 662
274 275
274 365
275 276
275 277
275 959
276 277
276 671
277 279
277 754
278 279
278 376
279 280
279 281
279 985
279 923
280 281
280 282
281 282
281 283
282 283
282 284
282 880
283 285
284 285
284 708
285 287
285 893
285 974
286 288
286 481
286 514
287 289
287 836
288 289
288 290
289 290
289 291
289 596
290 291
290 616
291 292
291 293
292 675
292 300
292 587
293 295
293 336
293 338
293 858
294 965
294 676
294 560
295 296
295 456
296 298
296 656
296 741
297 298
297 299
298 299
298 300
299 300
299 301
300 301
300 890
301 303
301 898
302 303
302 304
302 811
303 305
303 985
304 305
304 306
305 307
305 610
305 696
305 542
306 307
306 687
306 963
307 308
307 309
307 350
308 309
308 310
309 310
309 311
310 311
310 312
311 312
311 313
312 313
312 622
313 315
313 725
314 315
314 316
314 641
315 316
316 317
316 318
316 365
317 318
317 319
318 319
318 320
318 466
319 320
319 321
319 997
320 322
320 441
320 813
321 323
321 680
322 323
322 324
323 324
323 325
324 325
324 326
324 372
325 327
325 921
326 327
326 328
327 328
327 329
328 329
328 330
328 981
329 330
329 801
331 333
331 680
332 333
332 334
333 334
333 335
334 335
334 440
335 336
335 337
335 672
336 337
336 626
337 338
337 938
337 635
337 821
338 340
338 777
339 804
339 496
340 341
340 342
341 342
341 343
341 481
342 343
342 344
343 344
343 345
343 398
344 484
344 425
344 698
344 490
345 346
345 347
345 620
346 347
346 348
347 348
347 349
348 349
348 350
349 351
349 679
350 351
351 352
351 353
352 353
352 354
352 690
353 354
353 355
354 355
354 356
355 357
356 358
357 486
358 359
358 360
359 360
359 505
360 361
360 415
360 567
361 362
361 363
362 363
362 364
362 960
363 364
363 365
364 365
364 905
365 366
366 368
366 704
367 369
367 768
367 755
368 369
368 370
369 370
369 371
369 550
370 371
370 372
370 660
371 373
371 823
372 373
373 374
373 375
374 376
375 376
375 377
376 378
377 378
377 379
377 461
377 836
378 379
378 380
379 380
379 381
379 429
380 381
380 989
381 382
381 514
382 383
382 384
382 473
383 384
384 385
384 386
385 386
385 387
385 765
386 387
386 957
386 783
387 388
387 389
388 389
388 390
389 390
389 391
389 958
390 391
390 392
390 781
391 393
392 393
392 709
392 650
392 633
393 395
393 796
393 435
394 395
394 640
395 396
395 397
395 467
396 398
397 398
397 399
398 964
398 937
399 400
399 401
399 416
400 401
400 639
401 403
402 403
402 404
403 405
404 406
404 417
405 406
405 407
406 407
406 868
407 409
407 852
407 985
408 409
408 410
409 410
410 411
410 412
411 412
411 413
412 413
412 414
413 414
413 415
414 415
414 416
415 979
415 877
416 418
417 418
417 674
417 826
418 419
418 420
418 592
419 420
420 421
420 422
421 422
421 425
422 423
422 424
423 621
423 575
423 952
424 497
424 882
425 427
426 427
426 428
427 428
427 429
428 429
428 430
429 430
429 995
430 431
430 432
431 432
432 433
432 434
433 434
434 435
435 436
436 438
437 438
437 439
438 440
439 440
439 441
440 442
441 442
441 443
442 443
442 444
443 974
444 445
444 446
445 447
445 962
446 447
446 448
447 448
447 449
447 916
448 974
448 967
449 450
449 451
450 451
450 452
451 452
451 597
452 453
452 454
452 772
453 454
453 506
454 455
454 456
455 457
456 457
456 458
457 484
458 459
458 460
459 460
459 461
459 944
460 462
460 716
461 463
462 464
462 621
462 941
463 464
463 465
464 465
464 466
465 466
465 467
466 566
468 469
468 470
469 470
469 471
470 471
470 638
471 472
471 473
471 722
472 473
472 998
473 606
473 683
474 475
474 476
475 476
475 477
476 478
476 791
477 478
477 479
478 479
478 521
479 480
479 481
480 481
480 730
481 482
482 484
482 545
483 484
483 485
484 485
484 914
485 486
485 487
485 503
486 487
486 488
487 488
487 489
488 489
488 631
489 491
489 983
490 491
490 921
490 564
491 492
491 493
492 493
492 494
493 495
494 495
494 496
495 496
495 497
495 540
496 827
497 498
497 499
498 499
498 500
499 500
499 501
500 501
500 502
501 502
501 503
502 503
502 504
503 957
504 902
504 671
505 506
505 507
506 507
506 508
507 508
507 509
508 509
508 510
509 510
509 511
510 511
510 644
511 512
511 513
512 513
512 514
513 514
513 515
513 521
514 516
514 720
515 516
515 914
515 586
516 517
516 518
516 613
517 934
518 519
518 520
519 521
520 521
520 522
521 522
522 523
522 524
523 524
523 525
524 525
524 526
525 526
525 527
525 806
526 527
527 529
528 529
528 530
529 531
529 679
530 531
530 532
531 532
531 533
531 634
532 533
532 534
533 534
533 535
533 957
534 535
534 536
535 536
535 537
536 537
536 538
537 539
538 540
538 738
539 541
540 541
540 887
541 542
542 543
543 756
543 757
543 994
543 996
544 545
544 546
545 546
545 547
546 547
546 548
547 548
547 549
548 550
549 550
549 551
549 835
550 552
550 712
550 766
551 553
552 553
552 554
552 619
553 587
554 555
554 556
555 556
555 557
556 557
556 558
556 895
557 559
557 889
558 559
558 560
558 995
559 561
559 771
559 834
560 561
561 562
561 563
562 563
562 946
563 565
564 882
564 855
565 566
565 847
566 567
566 568
566 817
566 926
567 568
567 569
568 570
568 644
569 570
569 630
570 572
570 830
570 752
571 572
572 573
572 574
573 574
573 575
574 576
574 782
575 576
576 577
576 578
577 578
577 579
577 994
578 579
578 580
579 580
579 787
579 987
580 581
580 582
581 583
581 602
581 605
582 583
582 584
583 584
583 585
583 822
584 585
584 586
585 586
585 587
586 587
586 987
587 588
587 590
588 590
589 591
591 592
591 756
592 594
593 594
593 595
594 595
594 596
595 903
596 598
597 598
597 599
598 599
598 856
599 600
599 601
599 637
600 601
600 602
601 602
601 603
602 603
602 604
603 604
603 605
604 605
604 606
605 606
606 607
606 608
607 608
607 609
608 609
608 610
608 732
609 610
609 611
610 612
611 612
611 613
612 613
612 614
612 733
612 949
613 614
614 615
614 616
615 616
616 617
616 618
617 618
617 619
618 619
618 620
618 798
619 621
620 621
621 623
622 623
622 624
623 624
623 625
624 625
624 876
625 627
626 627
626 628
627 628
627 629
628 629
628 630
629 630
629 631
629 915
630 631
631 632
631 633
632 634
633 634
633 931
634 771
634 865
635 636
636 637
636 638
637 639
638 639
638 732
638 669
639 640
639 641
640 641
640 683
641 642
642 643
642 702
643 644
643 645
644 646
645 646
645 647
646 647
646 648
647 967
647 938
648 649
648 650
648 749
648 929
648 992
649 650
649 651
650 980
651 652
652 653
652 654
653 654
653 655
653 766
654 655
654 656
655 656
655 657
656 657
656 658
657 658
657 659
658 659
658 660
659 660
659 661
660 662
661 662
661 663
662 663
662 664
663 664
663 665
664 666
665 666
665 667
666 667
666 668
667 668
667 669
668 669
668 848
669 671
669 996
670 671
670 672
670 937
671 672
671 673
672 673
672 969
673 674
673 675
673 990
674 676
675 677
675 861
676 677
676 678
676 727
676 749
677 678
677 679
678 680
678 852
679 681
679 955
680 681
681 682
681 683
682 684
682 854
683 684
684 685
684 686
685 686
685 687
687 688
687 689
688 689
688 690
689 690
689 691
690 691
691 693
691 808
692 693
692 694
693 694
693 915
694 695
694 956
695 697
697 698
697 699
698 699
698 700
699 700
699 701
700 701
700 702
700 744
700 873
701 702
701 703
702 703
702 704
702 876
703 704
703 705
704 705
704 706
705 706
705 707
706 707
706 708
706 871
707 708
707 709
708 709
708 710
709 711
710 712
710 794
711 712
711 713
711 987
712 713
713 714
713 715
714 715
715 716
715 717
716 717
716 718
717 718
717 719
718 719
718 720
718 936
719 721
719 987
720 722
721 722
721 723
722 723
723 725
723 865
724 725
724 959
724 846
725 726
725 727
726 727
726 728
727 728
728 729
728 730
729 730
729 731
729 924
730 732
731 732
733 734
734 735
734 736
735 736
735 737
736 737
737 738
737 739
738 739
739 740
739 741
739 857
740 741
740 742
741 742
741 781
742 743
742 938
743 745
744 746
745 746
745 747
746 747
746 748
747 748
747 749
748 749
748 750
750 751
750 752
751 753
752 753
753 754
753 755
754 756
754 815
755 757
756 757
756 758
757 759
758 759
758 760
759 760
759 761
759 908
759 795
760 762
761 763
761 891
762 763
762 764
763 764
763 765
763 914
764 765
764 766
765 766
767 769
768 769
768 770
769 770
769 771
770 771
770 772
771 773
772 774
772 826
772 796
773 774
773 775
774 775
774 776
775 777
775 985
776 777
777 865
778 779
778 780
779 780
779 781
779 787
780 781
780 782
782 783
782 784
783 784
784 785
784 786
785 787
785 849
786 787
786 788
786 996
788 789
788 790
789 790
789 791
790 791
791 792
791 793
792 793
792 794
792 895
793 794
793 795
794 795
794 959
795 796
796 821
797 798
797 799
798 799
799 800
799 801
800 801
800 802
801 802
802 803
802 804
802 916
803 804
803 805
804 805
804 806
804 992
805 806
805 807
805 814
805 887
806 807
807 808
807 809
808 809
808 810
809 810
809 811
810 811
810 812
811 813
812 813
812 814
813 814
814 816
815 816
815 817
816 817
817 818
818 819
818 820
819 820
819 821
820 822
820 844
821 822
822 823
823 825
823 891
824 825
824 826
825 827
825 986
826 828
827 828
827 841
828 829
828 830
829 830
829 831
830 831
830 832
831 832
831 833
832 833
832 834
832 859
833 834
833 835
834 835
835 837
836 838
837 838
837 839
837 841
838 839
838 840
839 840
840 841
840 842
841 842
842 844
843 844
843 845
844 845
844 846
845 846
845 847
846 847
847 848
848 849
848 850
849 850
849 851
849 891
850 851
850 852
851 852
851 853
852 853
852 854
853 855
854 855
854 856
855 856
856 857
856 858
857 908
858 859
859 860
860 861
860 862
861 862
861 863
862 863
862 864
863 864
863 940
864 865
865 866
865 882
866 867
866 868
867 868
867 869
868 869
869 870
869 982
870 871
870 872
871 873
872 873
872 874
873 874
874 875
874 876
875 876
875 878
876 878
877 878
878 879
878 880
879 880
879 881
881 883
882 883
883 884
883 885
884 886
885 886
885 887
886 887
886 888
887 902
888 889
888 890
889 890
889 922
890 891
890 892
890 989
891 893
892 893
892 894
894 895
894 896
896 898
896 922
897 898
897 951
898 900
899 900
900 901
900 902
901 902
901 903
902 904
903 905
904 905
905 906
905 907
906 907
906 908
907 909
908 910
909 910
909 911
910 912
911 912
911 913
912 913
912 914
913 914
913 915
915 917
917 918
918 919
918 920
919 920
919 921
920 921
920 922
921 923
922 923
922 924
922 954
923 924
924 926
925 926
925 927
927 928
927 929
928 930
929 931
930 931
930 932
931 932
932 933
933 934
933 935
935 936
935 937
936 938
938 939
938 940
939 940
940 941
940 942
941 943
942 943
942 944
943 944
944 945
945 946
945 947
945 950
946 947
946 948
947 948
948 949
948 950
949 976
950 952
951 952
951 953
951 982
953 955
954 955
955 956
955 957
956 958
957 958
958 959
959 960
960 962
961 962
961 963
962 963
963 964
964 965
964 966
966 967
966 968
967 968
967 969
968 969
968 970
969 971
970 971
970 972
971 972
972 973
972 974
973 974
973 975
974 976
975 976
975 977
976 977
976 978
977 978
977 979
978 979
978 980
979 980
979 981
980 981
980 982
981 982
982 984
983 984
983 985
984 985
984 986
986 987
986 988
987 988
988 989
988 990
989 991
990 992
991 992
991 993
993 994
993 995
996 997
997 999
998 999
