1 30
1 33
1 65
1 75
2 10
2 25
2 46
2 94
3 91
4 11
5 30
5 81
5 88
6 16
6 26
7 9
7 88
8 34
8 80
9 77
10 35
10 83
11 24
11 89
12 75
13 46
13 49
13 83
13 98
14 42
15 33
15 56
15 90
16 40
16 55
16 91
17 50
17 69
17 80
18 32
18 59
18 76
18 85
19 20
19 66
19 89
20 33
21 31
22 42
22 74
22 96
23 84
24 71
26 42
26 85
26 100
27 41
27 72
29 80
30 59
30 65
31 41
31 80
31 92
31 97
32 41
32 70
33 76
34 72
35 40
35 49
35 71
36 61
36 64
36 97
37 45
37 49
38 40
38 92
38 97
40 62
42 98
43 71
43 72
44 47
44 54
44 59
44 84
44 97
45 55
46 70
48 58
48 65
49 57
50 80
50 87
51 91
52 95
53 54
57 70
57 79
57 80
58 69
58 83
58 89
58 100
60 68
60 91
63 73
63 98
64 100
65 83
70 98
73 94
74 85
75 84
80 86
81 94
83 88
83 90
83 95
85 94
85 96
87 94
89 94
90 97
91 92
95 98
28 28
39 39
67 67
78 78
82 82
93 93
99 99
