1 2
1 3
1 99
1 16
1 75
2 36
2 48
3 5
3 18
4 5
4 6
5 6
5 7
5 58
5 39
6 7
6 8
6 25
7 55
7 77
7 42
8 10
8 12
8 84
9 65
9 47
9 33
9 94
10 11
10 12
11 12
11 13
11 100
12 13
12 14
13 14
13 22
13 73
13 49
14 15
14 16
15 16
15 63
16 18
16 96
17 18
17 19
17 43
18 20
18 55
18 60
19 20
19 85
20 22
20 98
21 22
21 23
21 79
21 92
22 78
23 24
23 25
24 25
24 70
24 93
25 27
25 59
26 27
26 28
27 28
27 29
27 44
28 29
28 30
29 30
29 31
29 36
30 31
30 32
30 36
31 32
31 33
31 41
32 33
32 34
32 68
32 62
33 34
34 35
34 36
35 36
35 37
37 38
37 91
38 39
38 40
38 83
39 40
40 41
40 42
41 42
42 43
42 63
43 44
44 46
45 46
45 47
46 47
46 48
47 48
47 61
48 50
48 82
49 94
49 82
50 52
50 60
51 52
51 53
52 53
52 54
52 56
53 54
53 55
54 55
54 84
55 56
55 57
56 57
57 58
57 59
58 60
59 60
59 77
60 61
61 63
61 73
62 63
63 64
63 65
63 71
64 65
64 76
64 71
65 66
65 96
65 84
66 67
66 68
66 92
67 68
67 69
68 70
69 70
69 71
69 88
70 71
70 72
71 72
71 85
72 73
72 74
73 74
73 75
74 75
74 76
75 76
75 88
76 78
78 79
78 90
79 81
80 81
80 82
81 82
81 83
81 99
82 84
82 100
83 84
84 85
85 87
86 87
86 88
87 89
87 93
89 90
89 91
90 91
90 92
91 92
91 93
93 94
94 95
95 96
95 97
97 98
97 99
98 99
98 100
