1 2
1 1500
2 564
3 4
4 210
5 6
5 184
6 7
7 865
7 96
8 192
9 10
10 11
11 408
12 13
13 14
14 15
15 16
16 17
17 18
18 19
19 866
20 21
21 690
22 779
23 705
24 25
25 26
26 27
26 567
27 28
28 29
29 30
30 31
31 32
32 33
33 34
34 35
35 36
36 467
37 38
38 39
39 40
40 41
40 454
41 42
42 43
42 461
43 44
43 1055
44 728
44 138
45 46
46 47
47 48
48 49
49 50
50 1494
51 52
51 362
52 53
53 54
53 474
53 914
54 55
55 56
56 57
57 58
58 59
59 66
59 1415
60 61
61 62
62 1162
63 64
64 65
64 459
65 66
66 67
67 68
68 69
69 70
70 71
71 72
72 73
73 74
74 75
74 266
75 76
76 77
76 731
77 78
78 79
79 97
80 81
80 293
80 1494
81 328
82 83
83 84
84 782
85 86
86 87
87 88
88 89
89 90
90 91
91 1100
92 93
93 94
93 863
94 95
94 562
95 96
97 98
98 99
99 100
100 101
101 218
102 103
103 104
104 105
105 106
106 331
106 571
107 108
108 109
108 919
108 1017
109 110
110 664
111 112
112 744
113 114
114 115
115 116
115 763
116 1162
117 118
118 996
119 120
120 121
121 122
122 1352
123 124
123 971
124 125
125 126
126 127
127 128
127 1113
128 129
129 130
130 131
131 132
132 133
133 134
134 135
134 574
135 136
136 137
137 461
139 140
139 143
139 1261
140 141
140 204
140 1092
141 142
141 752
142 1293
144 145
145 146
146 488
147 148
148 149
149 150
150 151
151 152
152 153
152 1352
153 154
154 155
155 156
155 263
156 1350
157 158
158 159
159 160
160 161
161 162
162 163
163 825
164 165
165 166
166 393
166 939
167 919
167 1138
168 376
168 1019
169 170
170 171
171 172
172 173
173 174
174 175
175 1108
175 967
176 177
177 178
177 1377
178 179
179 180
180 995
181 182
182 183
183 184
185 186
185 1101
186 187
187 188
188 189
189 190
190 191
191 192
192 193
193 194
194 608
194 1131
195 196
196 1111
197 643
198 1197
198 968
199 200
199 1486
200 201
201 202
202 1041
202 757
203 381
203 1219
205 206
206 207
207 1167
208 209
209 210
210 211
211 212
211 1076
212 213
213 214
214 215
215 216
216 217
217 218
218 219
219 220
219 373
220 221
221 222
221 1470
222 223
223 939
224 225
225 226
226 1102
227 228
228 229
229 230
230 231
231 232
232 233
233 1113
233 685
234 235
235 236
236 237
237 238
237 242
238 1136
239 240
240 241
241 242
243 244
244 245
245 578
246 247
247 248
248 249
249 250
250 251
251 252
251 891
252 253
253 254
254 868
255 256
255 1395
256 684
257 258
258 259
259 260
259 941
260 261
261 262
262 263
262 269
264 265
265 266
265 1392
267 268
268 269
270 747
271 272
272 273
273 274
274 275
274 381
275 276
276 277
277 1147
277 1275
278 279
279 280
280 281
281 485
282 283
282 1162
283 284
284 285
285 286
286 681
287 288
288 289
289 290
290 291
291 292
292 1437
294 295
294 1004
295 296
296 297
296 736
297 298
298 299
299 300
300 301
301 396
302 303
303 304
304 572
305 306
306 307
307 308
308 309
309 310
309 407
310 535
311 544
312 1222
313 314
314 315
314 1078
315 316
316 317
316 687
317 318
318 319
319 320
320 321
321 322
322 1103
323 324
324 325
325 326
326 884
327 1361
327 1455
328 329
329 330
330 331
330 654
331 616
332 333
333 334
334 335
335 336
336 337
337 1362
338 339
339 340
340 341
340 619
341 342
341 760
342 343
343 344
344 588
345 346
346 347
347 348
348 349
349 350
350 351
351 352
352 353
353 354
354 355
355 356
356 357
356 598
357 358
358 359
359 482
359 643
359 769
360 361
361 362
363 974
364 365
365 366
366 367
367 368
368 369
369 370
370 371
371 372
371 1172
372 1409
374 375
375 376
376 377
377 378
378 379
379 380
380 381
382 383
382 1341
383 384
384 385
385 386
386 387
387 388
388 389
389 390
390 391
391 392
392 393
393 394
394 395
395 396
396 397
397 398
398 399
399 400
400 401
401 402
402 403
403 586
403 1403
404 405
405 406
405 1077
406 407
408 409
409 410
409 1278
410 411
411 835
412 413
412 1369
413 414
413 1277
414 861
415 416
416 417
417 418
418 1180
419 420
419 1033
420 721
421 422
422 423
423 424
424 425
425 426
426 427
427 428
428 429
429 430
430 431
431 432
432 433
433 434
434 435
435 436
435 517
435 894
436 437
437 438
438 439
439 440
439 1159
440 441
441 442
442 443
442 1231
443 878
444 946
445 533
446 447
447 448
447 465
448 449
449 450
450 451
451 452
452 453
453 454
454 533
455 456
455 1210
456 717
457 458
458 1335
460 461
460 1218
462 463
463 464
463 837
464 465
466 467
467 468
468 469
469 470
469 635
470 471
471 472
472 473
473 638
475 476
476 477
477 478
478 479
479 480
479 852
480 1213
481 482
482 483
483 618
484 485
484 1326
485 486
486 1160
487 488
488 489
489 490
489 1238
490 491
491 492
492 493
493 494
494 495
495 742
495 525
496 497
496 1442
497 498
498 499
499 500
500 501
501 502
502 503
503 504
504 505
505 506
506 507
507 508
508 509
508 1119
509 510
509 580
510 511
511 924
512 513
513 514
513 1199
514 515
514 810
515 516
516 666
518 519
519 520
520 521
521 522
522 523
523 524
524 525
524 1036
526 527
527 528
528 529
529 530
530 531
531 532
532 533
534 535
535 536
536 537
537 538
538 539
539 540
540 541
541 542
542 543
543 544
544 545
545 546
546 547
547 548
547 675
548 549
549 550
550 551
551 992
552 553
553 554
554 555
555 556
556 557
557 558
558 559
559 560
560 561
561 562
563 564
564 565
565 566
566 1006
566 890
568 569
569 570
570 571
572 573
573 574
575 576
576 1290
577 578
578 1153
579 580
581 853
582 583
583 584
584 585
585 586
586 587
587 588
588 589
588 1100
588 1223
589 590
590 591
590 980
591 592
591 1236
592 593
593 594
594 595
595 596
595 1446
596 597
597 598
599 600
600 837
601 602
602 603
602 1304
603 604
604 605
605 606
605 822
606 607
606 1163
607 608
608 609
609 610
610 611
611 612
612 613
613 614
614 615
615 616
616 617
617 618
618 619
620 621
621 622
621 1406
622 623
623 624
624 625
625 626
626 627
627 628
628 629
629 630
630 631
631 632
632 633
633 634
634 635
636 637
637 638
638 639
639 640
640 641
641 642
642 643
642 1050
644 645
645 646
646 647
647 1199
648 649
649 650
650 651
650 1384
651 652
652 653
653 654
655 656
656 657
657 658
658 659
659 660
660 661
661 662
662 663
663 664
664 665
665 666
666 667
667 668
668 669
669 670
670 671
671 741
672 673
673 674
673 744
674 675
676 677
677 678
678 679
679 680
680 1291
681 682
682 683
683 1129
683 1495
684 836
684 897
686 687
688 689
689 690
690 691
690 1168
691 692
692 693
693 694
694 695
695 696
696 697
697 698
698 699
699 700
700 701
701 702
702 703
703 704
704 705
705 706
706 707
707 708
708 709
708 782
709 710
710 711
711 712
712 1104
713 714
714 715
715 716
716 717
716 1072
717 718
717 1140
718 719
719 720
720 721
721 722
722 723
723 724
723 1248
723 1312
724 725
725 726
725 975
726 727
727 728
728 729
729 730
730 731
732 1209
732 1286
733 734
734 902
734 915
735 936
737 738
738 739
739 962
739 1252
740 741
741 742
742 743
743 744
745 746
746 747
747 748
747 1177
748 749
749 750
750 751
751 752
753 754
754 755
754 1290
755 756
755 846
756 757
758 759
759 760
759 1440
761 762
762 763
764 765
765 766
766 1088
767 768
768 769
770 784
771 772
772 773
773 774
774 945
775 776
776 777
777 778
778 779
779 780
779 1040
780 781
781 782
782 791
783 784
784 785
785 786
786 787
787 788
788 789
789 790
790 791
792 793
793 794
793 1258
794 795
795 796
796 797
797 798
798 799
799 800
800 801
801 802
802 1242
803 804
804 805
805 806
806 807
806 1460
807 808
808 809
809 810
810 1031
811 812
812 813
813 814
814 815
815 816
816 817
816 1378
817 818
818 819
819 820
820 821
821 822
823 824
824 825
825 826
826 827
827 828
828 829
829 830
830 831
831 987
832 833
833 834
834 835
835 836
836 837
838 839
839 840
840 841
841 842
842 843
843 844
844 845
845 1099
847 848
848 849
849 850
850 851
851 852
852 1431
853 854
854 855
855 856
856 857
857 858
858 859
859 860
860 861
861 862
862 863
863 920
864 865
865 866
866 867
867 1101
868 930
869 870
870 871
871 872
872 873
873 874
874 875
875 876
875 961
876 877
877 878
878 879
879 880
880 881
881 882
881 1026
882 883
883 884
884 885
885 886
886 887
887 888
888 889
889 890
892 893
893 894
893 1062
895 896
896 897
896 1209
897 1176
898 899
899 1157
900 901
901 902
902 903
903 904
904 905
905 906
906 907
907 908
908 909
909 910
910 911
910 1310
911 912
912 913
913 914
916 917
917 918
918 919
921 922
922 923
923 924
924 925
925 926
926 1032
927 928
928 929
929 930
930 931
931 932
932 933
933 934
934 981
935 936
936 937
937 1459
938 939
938 1276
940 941
942 943
943 944
944 945
945 946
946 947
946 1098
947 948
948 949
949 950
950 1438
951 1341
952 953
953 954
954 955
955 956
956 957
957 958
958 959
959 960
960 961
962 963
963 964
963 1257
964 965
965 966
966 967
969 970
970 971
972 973
973 974
974 975
976 977
977 978
978 979
979 980
981 982
982 983
983 984
984 985
985 986
985 1200
986 987
987 1140
988 989
989 990
990 991
991 992
992 993
993 994
994 995
995 996
996 997
997 1348
998 999
999 1000
1000 1440
1001 1002
1002 1003
1003 1004
1005 1006
1006 1007
1007 1297
1008 1009
1009 1087
1010 1011
1011 1012
1012 1013
1013 1014
1014 1015
1014 1465
1015 1016
1016 1017
1018 1266
1019 1038
1020 1021
1021 1022
1022 1023
1023 1024
1024 1025
1024 1242
1025 1026
1027 1389
1028 1029
1029 1030
1030 1031
1032 1033
1034 1035
1035 1036
1037 1038
1039 1040
1041 1042
1042 1043
1043 1044
1043 1492
1044 1045
1045 1046
1046 1047
1046 1069
1047 1048
1048 1049
1049 1050
1051 1052
1052 1053
1053 1054
1054 1055
1056 1057
1056 1244
1056 1498
1057 1266
1057 1203
1058 1059
1059 1060
1060 1061
1061 1062
1063 1064
1064 1065
1065 1066
1066 1067
1067 1068
1068 1069
1070 1071
1071 1072
1073 1074
1074 1075
1075 1076
1078 1253
1079 1080
1080 1081
1081 1287
1082 1083
1083 1084
1084 1085
1085 1086
1086 1087
1087 1088
1088 1089
1089 1090
1090 1091
1091 1092
1093 1094
1094 1095
1095 1096
1096 1097
1097 1098
1099 1100
1102 1103
1103 1104
1104 1105
1105 1106
1106 1107
1106 1165
1107 1108
1108 1109
1109 1110
1110 1111
1111 1112
1112 1113
1114 1115
1115 1116
1116 1117
1117 1118
1118 1324
1119 1268
1120 1121
1121 1122
1122 1123
1123 1124
1124 1125
1125 1126
1126 1127
1127 1128
1128 1129
1129 1293
1130 1131
1132 1133
1133 1134
1134 1135
1134 1478
1135 1136
1136 1137
1137 1138
1139 1140
1141 1142
1142 1143
1143 1144
1144 1452
1145 1146
1146 1147
1147 1148
1148 1149
1149 1150
1150 1151
1151 1152
1152 1153
1153 1154
1154 1155
1155 1156
1156 1157
1157 1158
1158 1159
1160 1161
1161 1162
1164 1165
1166 1167
1167 1168
1169 1170
1170 1171
1171 1172
1173 1174
1174 1175
1175 1176
1178 1179
1179 1180
1180 1181
1181 1182
1182 1183
1183 1184
1184 1185
1185 1186
1186 1187
1187 1188
1188 1189
1189 1190
1190 1191
1190 1409
1191 1192
1192 1193
1193 1194
1194 1195
1195 1196
1196 1197
1197 1198
1198 1199
1201 1202
1202 1203
1204 1205
1205 1206
1206 1207
1207 1208
1208 1209
1211 1212
1212 1213
1213 1214
1214 1215
1215 1216
1216 1217
1217 1218
1220 1221
1221 1222
1222 1223
1224 1225
1225 1226
1226 1227
1227 1228
1228 1229
1229 1230
1230 1231
1232 1233
1233 1234
1234 1235
1234 1302
1235 1236
1237 1238
1239 1240
1240 1241
1241 1242
1243 1244
1245 1246
1245 1323
1246 1247
1247 1248
1249 1250
1250 1251
1251 1252
1254 1255
1255 1256
1256 1257
1256 1499
1259 1260
1260 1261
1262 1263
1263 1264
1264 1265
1265 1266
1266 1267
1267 1268
1269 1270
1270 1271
1271 1272
1272 1273
1273 1274
1274 1275
1279 1280
1280 1281
1281 1282
1282 1283
1283 1284
1284 1285
1285 1325
1285 1422
1287 1288
1288 1343
1289 1290
1291 1292
1292 1293
1293 1294
1294 1295
1295 1296
1296 1418
1297 1298
1298 1299
1299 1300
1300 1301
1301 1302
1303 1304
1305 1306
1306 1354
1307 1308
1308 1309
1309 1310
1311 1312
1313 1314
1313 1408
1314 1315
1314 1416
1315 1316
1316 1317
1317 1375
1318 1319
1319 1320
1320 1321
1321 1322
1322 1323
1324 1325
1325 1326
1327 1328
1328 1329
1329 1330
1330 1331
1331 1332
1332 1333
1333 1334
1334 1335
1335 1336
1336 1337
1337 1338
1338 1339
1339 1340
1340 1341
1342 1343
1343 1344
1344 1345
1345 1346
1346 1347
1347 1348
1348 1349
1349 1350
1350 1351
1350 1410
1351 1352
1353 1354
1354 1355
1355 1356
1356 1397
1357 1358
1358 1359
1359 1360
1360 1361
1361 1362
1362 1363
1363 1364
1364 1454
1365 1366
1366 1367
1367 1368
1368 1369
1370 1371
1371 1372
1372 1373
1373 1374
1374 1375
1375 1376
1376 1377
1379 1380
1380 1381
1381 1382
1382 1383
1383 1384
1385 1386
1386 1387
1387 1388
1388 1389
1389 1390
1390 1391
1391 1392
1393 1394
1394 1395
1396 1397
1397 1398
1398 1453
1399 1400
1400 1401
1401 1402
1402 1403
1404 1405
1405 1406
1407 1408
1411 1412
1412 1413
1413 1414
1414 1415
1417 1418
1418 1419
1419 1420
1420 1421
1421 1422
1423 1424
1424 1425
1425 1426
1426 1427
1427 1428
1428 1429
1429 1430
1430 1431
1432 1433
1433 1434
1434 1435
1435 1436
1436 1437
1437 1438
1438 1439
1439 1440
1441 1442
1443 1444
1444 1445
1445 1446
1447 1448
1448 1449
1449 1450
1450 1451
1451 1452
1452 1453
1453 1454
1454 1455
1456 1457
1457 1458
1458 1459
1459 1460
1461 1462
1462 1463
1463 1464
1464 1465
1466 1467
1467 1468
1468 1469
1469 1470
1471 1472
1472 1473
1473 1474
1474 1475
1475 1476
1476 1477
1477 1478
1479 1480
1480 1481
1481 1482
1482 1483
1483 1484
1484 1485
1485 1486
1487 1488
1488 1489
1489 1490
1490 1491
1491 1492
1493 1494
1496 1497
1497 1498
