1 126
1 370
1 396
2 1047
2 1067
2 1259
2 1428
2 1494
3 524
3 1108
3 1357
4 8
4 520
4 739
5 1190
5 1195
6 504
6 662
6 830
6 1225
7 740
7 838
8 499
8 981
8 1434
9 1115
9 1120
9 1260
10 249
10 366
10 959
10 1029
11 129
11 399
12 555
12 739
12 1176
12 1316
12 1388
13 284
13 401
13 661
13 1456
14 1312
14 1352
14 1448
15 187
15 222
15 1298
15 1383
16 988
16 1428
17 357
17 1059
18 1418
18 1482
19 259
19 1318
19 1360
19 1388
20 1276
20 1444
20 1482
20 1486
21 821
21 1477
22 482
23 50
23 240
24 703
24 728
24 1185
25 768
25 1055
26 571
27 1361
27 1410
28 107
28 1113
28 1476
29 372
29 844
29 885
29 1045
29 1407
30 47
30 187
30 503
30 623
30 848
30 1371
30 1500
31 403
31 968
31 1103
31 1304
32 438
32 858
32 953
33 434
33 438
33 449
34 229
34 384
34 885
35 687
35 1371
36 778
36 1456
38 196
38 852
38 977
38 1499
39 262
39 851
39 1474
40 360
40 795
40 1031
42 394
42 521
42 773
42 1030
43 1048
44 557
44 1078
45 651
45 1145
46 204
46 402
46 776
46 780
46 1243
47 167
47 1441
48 764
48 814
48 926
48 978
49 319
49 1434
50 155
50 769
50 804
51 948
51 1001
51 1194
51 1206
51 1368
52 324
53 497
53 1430
54 90
54 461
54 889
54 1037
54 1335
55 67
55 188
55 460
55 505
55 651
55 969
55 1183
56 991
58 266
58 568
58 1402
58 1421
59 852
60 545
60 1162
61 646
61 836
61 1307
61 1450
62 231
62 487
62 655
62 666
62 902
62 1286
62 1453
63 628
64 750
64 851
64 1127
65 315
65 399
65 1014
66 68
66 1094
67 324
67 995
67 1141
67 1173
67 1246
69 529
69 797
69 835
69 1191
70 147
70 1073
70 1187
71 118
71 1170
71 1246
72 523
72 703
73 1086
74 473
74 481
75 795
75 906
75 1257
75 1292
75 1467
76 354
76 1091
78 192
78 374
78 764
78 941
78 1319
79 652
79 1253
80 430
80 443
80 840
80 1036
81 1324
81 1477
82 401
82 486
83 974
84 344
84 936
84 1143
85 109
86 1017
88 970
89 1227
89 1286
89 1434
90 199
91 499
92 339
92 653
92 763
92 1063
92 1150
92 1230
93 993
93 1261
94 642
95 104
95 779
96 263
96 481
96 622
96 637
96 1311
97 312
97 335
97 585
97 649
97 851
97 956
98 109
98 216
98 695
98 956
99 785
99 973
99 1129
100 197
100 449
100 758
100 768
100 804
100 907
101 282
101 343
101 837
101 1250
102 297
102 328
103 226
103 841
103 1187
104 719
105 248
105 1027
106 369
106 602
106 1013
106 1259
107 509
107 663
107 856
108 200
108 590
109 1093
109 1308
109 1351
109 1435
110 710
110 747
111 306
111 625
111 1365
112 1289
113 381
113 713
113 720
113 764
113 1340
113 1500
114 510
114 1049
115 151
115 743
115 1313
116 684
117 275
117 1114
118 581
118 692
118 825
120 410
120 840
120 1122
121 296
121 517
121 601
121 705
121 968
121 1219
122 159
122 592
122 989
122 1111
122 1248
123 325
123 608
124 439
125 161
125 222
125 368
126 740
126 809
127 610
127 684
128 1238
129 1253
129 1354
130 1243
130 1401
132 537
132 937
133 290
133 413
133 561
134 1110
134 1234
135 602
136 310
136 1315
137 241
137 816
137 883
137 1228
138 266
138 543
138 968
140 195
140 439
141 251
141 940
142 418
142 755
142 1146
143 147
143 564
147 822
147 912
149 901
149 1455
150 188
150 637
150 917
150 1177
150 1366
150 1434
151 187
151 293
151 514
151 979
151 1261
152 461
152 784
152 1209
152 1402
153 1390
154 593
154 699
154 812
154 1122
154 1389
155 232
155 461
155 714
155 1165
156 286
156 1088
156 1194
157 723
157 917
158 209
158 352
158 437
158 533
159 733
159 1141
159 1163
160 1177
161 394
161 425
161 1109
162 733
162 1098
162 1462
163 496
163 940
163 1302
164 705
164 1461
165 219
165 418
166 845
167 578
167 599
169 341
170 364
170 386
170 618
171 958
172 956
172 1060
172 1229
172 1395
173 567
173 638
173 897
173 1322
174 198
174 522
174 573
174 989
174 1285
174 1419
175 537
175 829
175 1376
176 250
176 373
176 921
176 1443
177 518
177 910
177 916
178 524
178 529
179 256
180 868
180 1021
180 1424
181 726
181 1420
182 751
182 907
182 1456
182 1471
183 460
183 776
183 1115
183 1308
183 1373
184 655
184 704
184 748
184 1186
184 1211
184 1308
186 624
187 221
187 337
187 1016
187 1066
188 721
188 769
188 830
188 952
188 1104
188 1320
188 1360
188 1459
189 746
190 510
191 329
191 384
191 593
191 785
192 441
192 729
192 990
192 1399
192 1498
193 987
194 218
194 269
194 375
194 1450
194 1462
195 853
195 986
196 503
196 1344
197 696
197 1113
197 1347
198 618
198 642
198 722
198 942
198 1493
199 291
199 1265
199 1456
200 550
200 552
200 785
200 1484
201 319
201 855
201 910
201 1073
201 1302
202 918
203 225
203 1183
204 313
204 494
204 682
204 697
205 1229
206 208
206 236
206 955
206 1150
206 1244
207 212
209 286
209 532
209 701
209 1048
209 1216
210 251
210 499
210 941
211 243
211 434
211 1181
212 644
212 1222
212 1407
213 492
213 1118
214 785
214 1418
215 619
215 1172
216 823
216 1393
216 1424
217 732
217 887
217 1196
217 1212
218 283
218 1112
218 1177
220 454
220 1081
220 1189
220 1191
220 1242
221 311
221 424
221 972
222 290
223 268
223 798
223 1313
224 1108
224 1163
224 1453
225 690
225 1030
225 1071
226 429
226 843
226 977
226 1289
226 1335
227 747
227 897
228 897
228 1141
228 1260
228 1430
229 694
229 800
229 1099
229 1301
230 851
232 580
232 676
232 678
233 385
233 866
233 1294
233 1429
233 1446
233 1493
234 869
234 918
234 1017
234 1148
234 1184
234 1279
235 569
235 1471
236 1230
236 1276
236 1371
237 399
237 539
237 1381
238 338
238 741
238 1075
239 411
239 1042
239 1099
239 1177
239 1282
240 330
240 488
240 1081
241 394
241 1476
242 417
242 1243
243 316
243 997
243 1134
243 1319
244 369
244 438
246 1275
247 527
247 1129
248 806
248 1090
248 1283
249 526
249 636
249 1431
250 827
250 918
250 1146
250 1477
251 326
252 729
252 1025
252 1078
252 1105
253 866
253 1368
253 1403
253 1472
254 373
254 404
254 485
254 1113
254 1170
254 1316
255 257
255 464
255 913
255 1044
256 282
256 654
256 658
256 712
256 1060
257 300
257 1047
257 1493
258 285
258 872
258 947
258 1163
258 1170
258 1452
259 387
259 708
259 815
259 929
259 934
259 967
259 1025
259 1050
259 1456
260 406
260 461
260 484
260 946
260 1488
261 707
261 725
261 1179
262 559
262 743
262 941
263 267
263 318
263 1103
263 1129
263 1265
263 1423
264 412
264 741
265 333
265 936
265 1185
267 525
267 562
267 574
267 738
267 970
269 630
270 1392
271 1146
273 452
273 1167
275 1006
275 1069
275 1348
276 444
276 561
276 728
276 1164
277 357
278 1047
278 1222
279 320
279 1167
280 445
280 668
280 734
280 922
280 1081
281 833
281 1043
282 299
282 998
282 1355
283 1383
283 1493
284 833
284 849
284 894
284 1206
284 1323
284 1410
285 441
286 295
286 761
286 764
286 865
286 1448
287 812
288 386
288 767
289 766
289 1473
291 1052
291 1342
292 596
292 1323
293 579
293 644
293 1063
293 1125
293 1488
294 828
294 860
294 1377
295 1035
295 1461
296 452
296 565
296 809
296 938
297 901
297 932
298 659
298 678
298 712
298 1240
298 1282
300 513
300 649
301 1067
302 315
302 510
302 889
302 1248
302 1375
303 1331
303 1337
304 354
304 392
304 564
304 590
304 1383
305 333
305 453
305 764
305 952
305 1326
306 890
306 924
306 1298
307 1352
307 1357
308 543
308 1349
309 320
309 354
310 1012
310 1243
310 1494
311 634
311 1308
312 624
312 1386
313 1260
314 876
314 1321
314 1469
315 495
315 897
315 1470
316 589
316 1063
317 679
317 1319
318 576
319 580
319 865
319 1064
319 1172
320 418
320 921
320 1399
321 394
321 904
321 1027
321 1139
322 888
323 443
323 654
323 1127
324 347
324 836
324 1174
325 693
326 1451
327 1275
328 613
329 477
330 1037
332 822
333 1091
333 1117
334 689
334 726
334 1017
334 1123
335 712
335 1122
336 531
336 941
336 1157
337 921
337 1374
338 550
339 673
340 1013
341 858
341 939
341 1169
341 1500
342 1407
343 441
343 1274
344 1050
344 1098
344 1373
345 510
345 892
345 916
345 1268
346 742
346 825
348 902
348 972
348 1025
349 778
350 383
350 683
350 1143
351 558
351 1481
353 554
353 882
353 981
353 1170
354 554
354 727
354 801
355 588
356 1034
357 371
357 377
359 1400
360 632
360 708
360 1471
360 1497
361 844
362 597
362 645
362 1008
362 1466
363 1170
363 1215
364 701
364 755
364 850
364 1077
364 1395
365 1045
366 592
367 1158
369 597
370 1447
370 1491
371 457
371 998
372 1023
372 1094
372 1495
373 721
373 914
374 391
374 513
374 894
374 1030
374 1166
374 1230
374 1287
374 1295
374 1486
375 1316
376 538
376 1220
377 753
378 667
379 810
379 1286
380 411
380 438
380 506
381 748
381 797
382 1220
383 398
383 452
383 954
383 956
383 1007
383 1018
383 1362
384 1420
385 516
385 1047
385 1418
386 965
386 1329
386 1484
387 425
388 467
389 406
389 753
390 535
390 1061
390 1386
391 457
391 1320
392 432
392 1487
393 684
393 1101
393 1306
394 402
394 782
394 1109
395 1086
395 1305
396 911
396 1372
397 957
397 1344
398 1221
399 699
400 712
400 848
400 1164
400 1289
401 972
403 585
403 676
403 1313
403 1321
404 999
404 1234
405 477
405 512
405 782
405 923
405 1389
406 817
407 576
407 934
407 988
407 1241
408 663
409 545
409 989
409 1052
409 1493
410 606
411 728
411 844
411 1056
411 1193
411 1338
412 498
412 718
412 1143
412 1161
412 1422
413 437
413 734
413 998
413 1208
413 1333
414 650
414 1021
414 1482
415 560
415 577
416 618
417 1409
419 840
420 466
420 1364
420 1494
421 486
421 823
421 1003
422 443
422 628
422 890
422 1049
423 1307
423 1378
423 1484
424 445
424 547
426 895
426 898
426 1476
427 1313
427 1482
428 758
429 525
429 1012
430 1006
431 946
431 1131
432 514
432 715
432 1140
432 1278
432 1491
433 528
433 541
433 653
433 1067
434 998
435 771
436 1078
437 484
437 950
437 1443
437 1484
438 782
438 1262
439 757
439 763
440 855
440 1023
441 686
441 722
443 456
444 1210
445 1225
446 775
446 892
446 941
446 979
446 1171
447 1449
448 1179
448 1357
449 514
449 659
449 1011
449 1090
449 1197
450 702
450 1021
450 1297
450 1385
451 557
451 1473
452 534
452 576
452 1129
452 1202
452 1319
453 1132
453 1424
454 604
454 1230
455 680
456 1258
457 646
457 854
457 1329
458 784
459 887
459 949
459 1290
459 1320
459 1460
460 823
461 576
461 985
461 994
461 1272
462 503
462 530
462 636
462 877
463 875
464 753
464 851
465 750
465 1034
466 491
466 517
466 589
466 770
466 853
466 891
466 1449
467 717
468 952
468 1006
468 1381
469 521
469 752
469 870
469 920
469 980
469 1172
469 1264
470 1038
470 1081
471 784
471 815
471 1217
472 907
473 590
473 807
473 1163
474 793
474 860
474 1124
474 1417
475 626
475 631
475 727
476 827
476 992
476 1067
476 1353
478 794
479 508
479 883
479 1239
480 534
480 769
480 1237
480 1390
481 545
481 823
481 919
481 1028
481 1489
483 571
483 1167
484 755
484 808
484 1010
484 1367
487 610
487 740
487 944
488 517
488 833
488 1151
489 751
489 1320
490 507
492 552
494 561
494 712
495 569
495 735
495 788
495 891
496 684
496 701
496 1409
497 1491
498 769
498 993
498 1163
499 872
499 1129
500 907
500 1371
502 1133
502 1269
503 506
503 1074
504 527
504 1016
504 1227
505 700
505 884
505 1032
505 1141
505 1187
505 1488
506 1224
507 515
507 1395
508 843
508 1133
509 1071
511 903
513 1447
514 1120
515 867
516 1243
517 1050
518 736
518 932
519 1495
520 741
521 1428
522 628
522 1000
522 1171
522 1181
523 619
523 1029
524 747
524 832
524 1469
525 956
525 1120
526 605
526 1050
526 1122
527 739
527 995
527 1465
528 815
529 1466
530 1270
531 859
532 763
532 1352
533 984
534 909
534 1231
534 1389
535 721
535 1400
535 1482
537 552
537 939
537 1172
538 898
538 974
538 1111
540 881
541 658
541 1250
542 807
542 937
542 1264
543 1347
543 1380
544 794
545 783
547 831
547 897
549 583
549 1409
550 927
551 874
551 887
552 593
552 1321
552 1332
554 1238
554 1432
555 1085
555 1492
556 750
556 1420
557 955
557 1182
557 1339
558 807
559 906
559 1200
559 1206
560 680
560 753
560 1362
561 662
561 828
561 854
561 1193
562 1330
563 715
563 1038
564 814
564 1072
565 1174
565 1280
566 1370
567 653
567 1316
568 608
569 1302
570 581
570 692
570 1136
571 968
571 992
571 1065
571 1132
571 1183
573 1131
574 1421
575 873
576 1455
577 983
578 654
579 695
580 1049
580 1095
580 1478
581 1039
581 1240
581 1290
582 1272
583 770
583 1041
585 941
585 1146
585 1158
587 641
587 878
587 1333
587 1437
587 1499
588 1344
589 637
589 812
589 822
589 1002
589 1062
589 1064
589 1152
589 1251
590 824
590 1225
592 794
592 999
592 1207
592 1284
593 1173
593 1233
594 1070
594 1360
597 1435
598 651
598 1338
598 1386
600 1172
600 1411
601 1228
601 1304
602 1409
603 624
604 848
604 948
604 1498
605 699
605 891
605 1398
607 649
607 965
607 1057
608 1108
608 1154
610 1237
610 1240
610 1340
611 833
611 1245
612 1233
613 1149
614 805
615 825
615 1071
615 1086
616 707
616 744
616 876
617 1303
617 1395
618 1380
619 696
619 990
620 1195
622 1241
623 934
624 1413
625 972
625 1108
628 874
628 1402
628 1436
629 902
629 990
629 995
629 1396
630 1447
631 846
631 1221
631 1263
632 807
632 1469
633 884
633 1469
634 810
634 828
634 999
634 1276
634 1301
635 848
635 865
636 1455
638 823
638 845
638 1291
639 649
639 668
639 1274
640 695
640 923
640 929
640 1189
640 1475
641 730
641 1391
642 1146
644 806
644 1129
644 1273
646 775
646 933
646 1471
648 735
648 1095
648 1267
648 1297
651 1331
652 734
652 807
653 777
654 739
654 1016
654 1127
655 715
655 931
655 1009
655 1325
656 1358
658 858
658 1189
658 1277
658 1325
658 1358
658 1468
659 901
660 1077
660 1387
661 897
662 912
662 914
662 1074
663 902
664 913
664 1318
664 1469
666 825
666 1322
667 1254
667 1433
668 1454
669 684
669 1077
671 688
671 780
671 910
672 738
672 1227
672 1490
674 1264
674 1319
676 743
676 1011
676 1165
677 1007
678 857
678 1174
679 719
681 856
682 1168
682 1457
683 737
684 1039
685 687
686 801
686 835
686 931
686 950
686 1155
686 1299
687 903
687 1093
687 1251
689 821
689 834
689 944
691 743
692 1034
692 1432
693 887
693 1140
695 809
696 866
696 1062
697 1077
698 1199
700 804
700 1269
701 1047
704 707
704 1186
705 953
705 1380
706 1473
708 825
708 859
708 937
709 1381
713 1268
714 955
715 1341
717 751
717 917
718 784
719 990
719 1424
720 855
720 987
720 1187
720 1260
721 879
721 954
722 761
722 1146
722 1392
723 1181
723 1199
723 1373
724 969
724 1121
725 834
725 1257
726 1084
730 904
730 1167
730 1493
731 951
733 837
733 892
733 961
733 1030
734 1217
735 747
735 772
735 1130
736 1345
737 801
737 1229
738 854
738 1030
738 1227
739 757
739 1386
740 1152
742 783
742 1012
742 1098
742 1108
744 1190
744 1194
744 1364
745 1105
745 1394
746 843
746 1134
746 1423
746 1456
747 1440
748 907
749 765
749 1247
750 955
751 832
751 874
752 1073
755 1164
755 1400
756 1088
757 1012
758 942
758 1054
758 1276
760 962
760 1317
761 892
762 847
763 842
763 887
763 970
763 1467
767 1267
769 1081
770 1425
770 1482
771 1241
771 1462
773 952
773 1353
774 1160
774 1208
775 1015
776 1086
776 1457
777 903
779 959
779 1352
780 848
780 1112
780 1373
781 1343
781 1389
782 821
782 894
783 1200
784 979
785 1065
786 835
786 923
786 1409
787 821
787 945
788 935
790 995
791 859
791 1271
792 1097
793 901
793 1370
794 1215
795 886
795 1396
796 1062
796 1477
796 1498
797 1494
798 1492
799 1275
800 867
800 969
800 1034
801 925
803 1269
803 1437
803 1484
804 1392
805 1406
806 1323
808 828
811 875
811 1366
813 1469
814 1224
814 1304
814 1382
815 1384
816 1458
817 1310
817 1462
818 1239
819 851
819 861
819 1322
819 1410
821 827
821 913
821 1063
821 1075
822 889
822 1167
824 840
825 1056
826 1357
826 1420
827 845
827 968
827 1401
829 1285
830 1381
830 1408
831 1000
831 1103
831 1177
832 1442
834 1225
834 1342
835 839
835 923
837 1486
838 1182
838 1463
839 1145
839 1222
839 1464
840 910
840 1418
841 1492
842 1406
842 1454
843 1064
843 1471
844 865
845 1092
848 954
848 1201
849 1201
850 876
850 1091
851 941
853 988
853 1001
854 881
854 1316
855 1050
856 1114
858 1218
861 1011
861 1047
862 900
862 1076
862 1186
862 1258
862 1482
863 1146
864 1436
865 1015
865 1338
866 1244
867 1451
868 911
868 1483
869 1044
869 1046
869 1227
869 1318
870 1022
870 1426
870 1480
871 1237
871 1455
872 980
872 1500
874 1100
874 1287
878 1255
878 1348
881 890
881 1012
881 1456
882 1111
882 1252
885 957
886 1111
886 1255
886 1278
886 1404
887 1427
888 1082
890 934
890 1015
890 1133
893 1043
893 1099
895 1094
895 1480
896 1169
898 924
898 1368
898 1391
898 1400
899 1286
899 1417
899 1426
900 1130
900 1354
901 1244
903 1134
905 1228
905 1289
906 1102
906 1423
907 1454
908 1451
911 980
911 1214
912 1229
913 1123
915 1033
915 1046
915 1477
916 1492
917 1161
917 1342
918 1491
920 1479
924 1052
926 1039
928 1292
929 1471
930 1335
931 1028
933 1210
935 1036
935 1386
937 1424
938 1151
941 1176
941 1197
941 1487
942 1408
944 1092
945 1235
945 1445
946 1388
946 1432
947 1304
948 1497
950 1398
951 976
951 977
951 1104
951 1145
951 1263
952 1427
955 964
955 1367
958 1271
959 1410
961 1256
963 1422
964 999
964 1368
965 1043
965 1152
966 1152
968 977
972 1159
972 1459
973 982
973 1309
973 1449
974 1308
974 1396
976 1382
977 1231
977 1386
978 1123
978 1238
980 1375
980 1423
981 1044
982 1317
984 1405
986 1428
987 1035
987 1239
988 1053
988 1322
989 1188
990 1241
990 1282
990 1365
991 1012
993 1000
993 1183
995 1437
996 1041
996 1169
996 1444
997 1426
998 1153
1002 1458
1004 1074
1004 1353
1004 1427
1006 1211
1006 1232
1007 1102
1008 1340
1011 1162
1012 1263
1014 1110
1017 1072
1017 1368
1017 1412
1018 1165
1019 1070
1019 1244
1019 1432
1020 1120
1022 1034
1024 1122
1025 1243
1026 1244
1028 1071
1028 1343
1029 1179
1030 1242
1031 1135
1031 1378
1032 1091
1035 1181
1035 1413
1036 1078
1036 1266
1037 1053
1037 1059
1037 1135
1040 1396
1041 1193
1041 1225
1044 1161
1045 1224
1046 1449
1046 1450
1049 1140
1049 1443
1051 1443
1052 1158
1053 1132
1053 1291
1054 1206
1054 1247
1055 1207
1055 1401
1057 1388
1060 1322
1060 1370
1064 1335
1066 1128
1066 1405
1067 1242
1067 1484
1068 1206
1068 1384
1069 1407
1070 1090
1070 1293
1071 1479
1073 1435
1074 1226
1074 1294
1075 1387
1077 1456
1078 1315
1079 1256
1082 1089
1085 1144
1086 1171
1087 1326
1089 1425
1090 1450
1090 1470
1091 1224
1092 1311
1093 1299
1094 1243
1094 1427
1094 1456
1095 1175
1095 1272
1095 1304
1095 1359
1096 1115
1099 1446
1101 1367
1102 1373
1103 1277
1103 1292
1103 1446
1105 1439
1106 1253
1107 1392
1109 1165
1109 1213
1109 1214
1109 1365
1110 1180
1110 1249
1111 1194
1111 1206
1112 1420
1113 1151
1113 1369
1113 1486
1114 1237
1118 1235
1119 1223
1119 1426
1121 1462
1122 1245
1123 1499
1124 1298
1125 1157
1125 1204
1127 1187
1128 1352
1129 1467
1132 1390
1132 1432
1133 1486
1136 1353
1141 1350
1143 1305
1143 1416
1143 1427
1143 1449
1147 1177
1155 1257
1155 1280
1155 1431
1159 1390
1161 1178
1161 1247
1163 1180
1167 1267
1168 1346
1168 1468
1169 1307
1171 1390
1172 1285
1172 1433
1173 1358
1174 1319
1177 1493
1178 1267
1178 1484
1179 1332
1180 1344
1181 1411
1184 1388
1186 1385
1188 1417
1189 1369
1189 1479
1190 1374
1193 1282
1211 1395
1213 1215
1213 1401
1215 1433
1216 1477
1218 1434
1218 1475
1221 1410
1222 1367
1225 1487
1231 1264
1233 1351
1234 1410
1236 1356
1238 1493
1241 1244
1241 1421
1241 1432
1246 1446
1248 1383
1251 1265
1251 1420
1253 1360
1253 1468
1256 1291
1257 1275
1258 1266
1264 1306
1267 1435
1268 1300
1268 1396
1271 1299
1273 1486
1277 1280
1278 1286
1278 1459
1284 1368
1287 1404
1288 1314
1288 1464
1289 1378
1292 1306
1292 1400
1294 1488
1295 1478
1298 1364
1303 1402
1305 1499
1308 1309
1308 1485
1314 1351
1314 1440
1317 1325
1317 1414
1318 1345
1322 1497
1323 1333
1327 1394
1330 1351
1335 1460
1335 1496
1339 1410
1354 1489
1358 1444
1359 1379
1369 1491
1371 1424
1372 1413
1374 1450
1377 1489
1378 1488
1384 1465
1386 1409
1390 1478
1392 1418
1416 1460
1418 1489
1421 1441
1425 1461
1436 1445
1452 1488
1454 1494
37 37
41 41
57 57
77 77
87 87
119 119
131 131
139 139
144 144
145 145
146 146
148 148
168 168
185 185
245 245
272 272
274 274
331 331
358 358
442 442
493 493
501 501
536 536
546 546
548 548
553 553
572 572
584 584
586 586
591 591
595 595
609 609
621 621
627 627
643 643
647 647
657 657
665 665
670 670
675 675
711 711
716 716
754 754
759 759
789 789
802 802
820 820
880 880
943 943
960 960
971 971
975 975
1005 1005
1058 1058
1080 1080
1083 1083
1116 1116
1126 1126
1137 1137
1138 1138
1142 1142
1156 1156
1192 1192
1198 1198
1203 1203
1205 1205
1281 1281
1296 1296
1328 1328
1334 1334
1336 1336
1363 1363
1397 1397
1415 1415
1438 1438
