1 126
1 292
1 370
1 396
1 429
1 483
2 188
3 33
3 398
4 318
4 472
5 237
6 38
6 65
6 85
6 277
6 446
7 19
7 342
7 435
8 54
8 338
8 381
9 117
9 147
9 396
10 53
10 493
11 76
11 169
11 295
12 79
12 203
12 294
12 458
13 59
14 240
14 341
15 295
15 300
15 336
15 423
16 55
16 386
17 136
17 294
17 462
18 167
18 375
19 29
19 68
19 356
20 422
20 488
21 41
22 200
22 372
23 47
23 114
23 239
24 245
25 223
26 83
26 203
27 91
27 448
27 453
28 121
28 214
28 406
29 129
29 246
29 339
29 452
30 78
30 136
30 240
30 363
30 369
30 439
31 135
31 180
31 325
32 44
32 91
32 263
32 361
33 88
33 312
34 50
34 94
35 363
35 436
36 143
36 194
36 248
36 282
36 327
37 301
37 441
38 51
38 434
39 90
39 151
39 152
39 159
39 350
40 329
40 382
41 226
41 238
42 45
42 80
42 143
42 219
42 493
43 84
43 355
43 462
44 197
44 217
44 237
44 308
44 333
45 102
45 137
45 395
45 457
46 75
46 99
46 247
46 277
46 405
47 306
47 391
47 452
48 81
48 198
48 352
48 454
48 465
49 190
49 252
49 276
49 444
50 73
50 127
50 414
50 456
50 496
51 118
51 273
51 319
51 329
52 82
52 94
53 154
53 214
53 337
54 69
56 133
56 197
56 459
57 92
57 400
57 464
58 276
58 280
58 313
58 494
59 346
59 395
60 131
60 207
60 292
60 458
60 500
61 89
61 161
61 253
63 267
64 146
64 314
64 352
64 356
65 435
66 201
66 263
66 301
66 476
66 499
67 332
67 461
68 92
68 185
68 252
69 144
69 193
69 457
71 330
71 366
72 92
72 363
72 439
73 103
73 279
73 389
73 401
73 423
74 226
74 291
74 368
75 90
76 163
76 329
76 354
76 373
77 285
77 388
78 157
78 351
78 417
79 87
79 201
80 183
80 420
80 470
81 101
81 341
82 183
82 276
83 206
83 437
84 355
85 170
86 168
86 200
86 326
86 372
87 110
87 199
87 359
88 295
88 305
88 399
88 448
89 206
89 277
89 486
90 296
90 337
91 284
91 393
91 469
91 484
92 103
92 131
92 348
93 308
93 342
93 433
93 443
94 366
94 374
94 415
95 170
95 183
95 321
95 436
95 490
96 123
96 128
96 238
96 378
97 250
97 291
97 411
98 234
99 219
99 308
99 356
99 424
99 485
100 457
101 384
101 394
101 409
102 181
102 225
102 360
103 164
103 299
103 446
104 126
104 370
105 241
105 395
105 436
105 490
106 113
106 236
107 222
107 247
108 259
108 263
108 274
108 318
108 336
108 351
110 224
110 267
111 350
111 493
112 117
112 255
113 209
113 231
114 477
114 496
114 498
115 195
116 198
116 343
117 217
117 225
117 265
117 453
118 262
118 279
118 341
119 255
119 412
120 369
120 372
121 308
121 405
122 150
122 293
123 156
123 412
124 234
126 185
126 456
127 300
127 319
128 367
128 427
128 492
129 432
130 270
130 273
130 304
130 471
130 497
132 181
132 324
132 349
133 267
134 170
134 185
134 239
134 376
135 195
135 220
135 334
136 291
136 493
137 164
137 296
143 164
143 186
143 287
143 414
144 310
144 393
145 212
145 226
145 414
145 429
146 380
147 386
148 311
149 277
150 395
151 223
152 195
152 341
153 324
153 369
153 483
156 362
157 423
158 171
159 343
160 170
160 201
161 175
161 193
161 236
161 240
161 404
161 407
162 312
162 365
162 422
163 205
163 405
165 293
166 292
166 363
166 395
167 341
167 402
167 466
168 266
168 289
168 333
169 264
169 453
170 173
170 285
170 337
171 232
171 245
171 379
172 472
173 453
174 221
174 249
174 300
176 285
176 456
176 479
177 385
177 488
178 425
178 460
180 417
181 357
182 243
182 397
183 268
183 347
183 458
184 195
184 388
184 400
185 196
185 247
185 271
186 337
187 251
187 335
188 337
188 342
188 448
189 353
190 224
191 293
191 402
191 414
192 324
193 489
194 414
195 215
195 460
195 493
196 206
196 248
196 282
197 407
198 253
199 250
199 343
199 427
200 225
200 248
200 398
201 221
201 266
201 376
201 412
201 474
202 432
203 349
205 353
205 419
205 420
206 336
207 213
207 301
207 423
208 213
208 295
208 477
210 250
212 385
213 393
214 447
215 275
215 454
216 293
216 447
217 280
219 281
219 300
219 397
220 223
221 351
221 374
222 335
224 351
224 480
225 355
225 392
225 453
225 455
226 312
226 362
226 366
228 438
228 441
230 232
232 283
232 286
232 473
233 382
234 264
234 384
234 411
235 289
235 444
235 474
235 492
236 244
236 500
237 405
237 416
237 469
238 390
239 334
239 390
240 253
240 420
241 354
241 385
241 442
242 409
242 485
243 258
245 468
246 325
246 428
247 295
248 498
249 295
249 396
250 422
252 281
253 301
253 356
253 385
256 265
258 267
258 268
258 287
258 379
258 431
259 387
259 405
260 283
260 385
260 386
260 457
260 476
261 308
261 441
262 336
264 320
264 404
264 463
265 291
267 455
267 495
268 337
268 409
268 441
269 283
270 385
271 406
272 353
272 436
273 294
273 324
278 395
279 442
279 480
280 485
281 397
282 300
282 489
283 347
283 348
283 482
284 353
284 488
286 410
287 288
287 333
287 416
287 484
288 318
289 467
289 493
290 323
291 500
292 301
292 453
294 479
295 350
298 446
299 425
302 345
303 309
306 439
308 440
308 471
311 386
312 355
312 499
313 339
313 347
321 449
322 448
322 483
323 382
324 438
325 382
325 417
326 418
327 395
327 396
328 384
331 389
331 484
332 443
332 449
334 387
334 396
334 488
340 403
342 402
344 451
345 478
346 414
348 408
348 409
349 387
349 435
351 361
351 377
351 397
352 366
352 380
353 373
354 410
354 414
357 395
358 403
359 399
361 434
362 364
362 420
365 399
365 485
365 498
367 381
367 464
368 496
370 431
377 456
377 457
380 445
383 410
383 427
384 423
385 461
388 464
389 438
395 447
396 455
398 434
402 483
403 442
405 447
408 424
409 474
410 425
412 454
416 437
417 427
419 429
420 427
420 458
421 461
422 435
422 499
424 466
427 451
431 434
431 498
432 482
438 492
452 475
454 492
457 472
460 492
461 475
462 495
467 474
470 475
62 62
70 70
109 109
125 125
138 138
139 139
140 140
141 141
142 142
155 155
179 179
204 204
211 211
218 218
227 227
229 229
254 254
257 257
297 297
307 307
315 315
316 316
317 317
371 371
413 413
426 426
430 430
450 450
481 481
487 487
491 491
