1 765
2 405
2 570
2 648
2 910
3 190
3 713
3 1031
3 1177
3 1410
3 1430
4 529
4 755
4 858
4 891
4 924
4 1375
5 1131
5 1351
6 294
6 561
6 975
6 1482
7 127
7 1036
7 1114
7 1240
7 1277
7 1403
8 777
8 803
8 1422
9 186
9 1058
10 417
10 718
10 1429
11 264
11 325
11 624
11 692
11 971
11 1227
11 1317
12 216
12 1191
13 250
14 567
14 693
14 864
14 1090
14 1288
14 1346
14 1465
15 222
15 817
15 1384
16 383
16 817
16 1068
16 1158
17 504
17 1368
18 76
18 698
18 1484
19 761
19 1255
20 337
20 1016
20 1021
20 1121
21 163
21 213
21 317
21 451
21 518
21 1086
21 1247
22 215
22 535
23 154
23 280
23 426
23 777
23 1282
23 1414
24 175
24 1382
24 1385
25 60
25 635
25 915
25 1430
26 857
27 259
27 340
27 876
27 1042
27 1052
28 158
28 663
28 691
28 1395
29 433
29 442
29 859
29 995
29 1060
29 1264
31 481
31 979
31 1017
31 1152
32 1195
32 1300
33 212
34 54
34 424
34 768
34 1421
34 1433
35 59
35 1373
36 418
36 1490
37 133
37 473
37 669
37 1117
37 1272
38 242
38 579
38 767
38 1042
39 234
39 361
39 531
39 665
39 864
39 871
39 1018
39 1272
39 1297
40 200
40 212
40 424
40 1234
40 1245
41 74
41 372
41 933
41 1055
41 1454
42 117
42 119
42 276
42 346
42 698
42 735
42 985
42 1341
42 1483
42 1499
43 574
43 685
43 712
44 51
44 125
45 1213
46 692
46 925
47 110
47 211
48 955
48 1156
48 1255
49 219
49 287
49 596
50 76
50 1014
50 1127
50 1391
51 163
51 1110
51 1334
51 1468
52 562
52 813
52 821
52 1262
52 1451
53 1416
54 93
54 348
54 389
54 1170
54 1305
55 279
55 475
55 486
55 795
55 798
55 1234
55 1491
56 265
56 600
56 781
56 888
57 876
57 1224
58 178
58 287
58 379
58 535
58 606
58 611
58 873
58 891
59 650
60 985
61 318
61 332
61 569
61 1116
61 1315
61 1438
62 797
62 1059
62 1428
63 1116
63 1149
63 1424
65 257
65 307
65 357
65 404
65 617
65 1156
66 389
66 586
66 636
66 1315
66 1484
67 1186
67 1469
68 161
68 1284
68 1323
69 740
69 750
69 1417
70 186
70 296
70 870
70 1190
70 1407
71 376
71 577
71 1083
72 93
72 455
72 710
72 873
72 1116
72 1251
72 1280
72 1374
72 1407
73 117
73 165
73 378
73 583
73 940
73 1107
73 1356
74 844
74 910
74 949
74 1024
74 1334
74 1340
75 557
75 1392
76 242
76 897
76 995
76 1206
76 1336
77 179
77 290
77 719
77 886
77 1003
77 1085
79 278
79 332
79 980
79 1484
80 809
80 1105
80 1335
81 299
81 625
81 920
81 1235
82 728
82 918
82 1317
82 1491
83 116
83 527
83 790
83 1354
84 184
84 213
84 512
84 552
84 668
84 799
84 923
84 995
84 1348
84 1388
84 1473
86 673
86 968
86 1331
87 461
87 607
87 731
87 847
87 887
87 895
88 168
88 171
88 443
88 820
88 899
88 1076
88 1307
89 157
89 315
89 610
89 1151
90 188
90 632
90 724
90 1235
90 1350
91 105
91 705
91 733
91 822
91 1397
91 1425
92 142
92 452
92 593
92 853
92 872
92 1479
93 662
94 558
94 1201
94 1347
95 443
95 925
95 1042
95 1427
96 459
96 560
96 577
96 1227
96 1490
96 1493
97 265
97 472
97 1029
97 1231
97 1343
98 206
98 328
98 911
98 1328
99 453
99 833
100 389
100 1412
101 400
101 1238
102 276
102 443
102 453
102 1025
102 1223
102 1389
102 1472
103 144
103 230
103 471
103 554
103 598
103 696
104 568
104 840
104 986
104 1009
105 599
105 701
105 847
106 1393
107 132
107 571
107 596
108 250
108 523
108 1017
109 216
109 366
109 455
110 732
110 1469
111 623
111 644
111 856
111 911
111 1151
112 775
112 950
112 1432
112 1496
113 414
113 637
113 801
113 1008
114 270
114 782
114 1062
115 337
115 768
115 939
115 1018
115 1065
115 1117
115 1370
115 1478
116 325
116 618
116 934
116 1196
117 552
117 1054
117 1337
117 1346
118 611
118 782
119 582
119 827
119 1036
119 1071
119 1168
119 1431
120 498
120 689
121 246
122 525
122 626
122 641
122 959
122 1079
122 1131
123 585
123 764
123 981
123 1345
124 341
124 580
124 715
124 860
124 1437
125 769
125 1344
125 1366
125 1417
126 795
126 1237
126 1453
127 282
127 869
128 201
128 208
128 346
128 754
128 1271
129 806
129 1079
129 1222
130 390
130 1416
130 1447
131 676
131 806
131 956
131 1480
132 1402
133 193
133 848
133 1327
133 1494
134 739
134 889
134 957
134 1044
135 155
135 540
135 630
135 765
135 1161
135 1205
135 1460
136 158
136 471
137 478
137 594
137 985
138 730
139 764
139 1134
139 1342
140 241
140 745
140 869
140 951
140 1480
141 281
141 319
141 692
141 1203
142 144
142 336
142 343
143 723
143 960
144 526
145 148
145 1484
146 304
146 1056
147 393
147 482
147 961
147 1084
148 252
148 560
148 1009
148 1381
148 1403
148 1434
148 1448
149 915
149 918
149 1045
150 152
150 223
150 252
150 274
150 442
150 1106
151 258
152 594
152 766
152 1195
153 985
153 1045
154 376
154 1104
154 1335
154 1384
155 385
155 589
155 1264
156 805
156 1143
158 701
158 871
158 1110
158 1396
159 537
159 1030
159 1399
160 510
160 1320
161 704
161 862
161 873
162 551
162 584
162 1120
163 196
163 266
164 1076
164 1237
164 1309
164 1331
165 290
165 656
165 744
165 1088
165 1178
166 265
166 440
166 1359
167 245
167 1222
168 816
168 896
168 1045
168 1175
169 465
169 479
169 1035
169 1079
170 238
170 313
170 1491
171 748
171 870
171 929
171 1161
172 267
172 327
172 720
172 821
172 885
172 1038
172 1091
173 310
173 348
173 522
173 965
173 1185
173 1434
174 1154
174 1447
175 338
176 950
176 1144
177 821
178 300
178 1029
178 1283
179 206
179 392
179 588
179 996
180 1468
181 835
182 441
182 927
184 437
184 467
184 938
185 710
185 948
185 960
185 1081
185 1287
186 366
186 565
186 638
186 672
186 958
187 1294
188 701
188 1492
189 306
189 653
189 740
190 1231
190 1471
191 225
191 353
191 388
191 668
191 832
191 1229
191 1342
192 232
192 637
193 889
193 1254
193 1353
194 887
195 272
195 862
195 1149
195 1261
197 306
197 697
197 1312
197 1332
198 402
198 637
198 1110
198 1135
199 1418
199 1425
199 1436
200 648
200 1136
200 1273
201 895
201 1164
201 1424
202 331
202 355
202 779
202 840
202 1225
202 1365
203 548
203 897
204 435
204 1043
204 1334
205 230
205 558
205 579
205 1088
205 1206
205 1450
206 1011
206 1021
206 1033
206 1442
207 337
207 382
207 822
207 957
209 435
209 738
210 739
210 912
210 1080
211 528
211 670
211 1208
211 1223
212 1263
213 558
213 1185
214 580
214 666
214 674
214 993
214 1452
215 796
215 1092
215 1469
216 641
216 1117
217 258
217 349
217 998
217 1315
218 364
218 455
218 563
218 1039
218 1062
218 1286
219 259
219 865
219 1106
219 1174
219 1337
220 285
220 299
220 819
220 1006
220 1012
221 746
221 1150
221 1447
221 1448
222 477
222 603
222 630
223 601
223 604
223 618
223 677
223 817
223 1101
223 1440
224 280
224 333
224 648
224 659
224 740
224 1224
224 1426
225 361
225 564
225 592
225 1084
226 475
226 707
227 1449
227 1495
228 311
228 451
229 411
229 612
229 922
229 1152
230 364
230 600
230 1067
230 1184
230 1407
230 1472
231 240
231 770
231 829
231 1355
232 320
232 995
232 1158
232 1401
232 1412
233 300
233 538
233 610
233 636
233 637
233 803
233 1349
234 367
234 463
234 898
234 923
234 1045
235 1086
236 306
236 1078
237 523
237 686
237 732
238 904
239 844
240 263
240 306
241 319
241 743
241 1047
241 1271
242 1003
242 1241
243 308
243 484
243 1069
243 1403
244 326
244 670
244 755
244 845
244 1051
244 1172
244 1305
245 1126
245 1281
246 704
246 1051
246 1117
247 872
248 992
248 1082
248 1298
249 910
249 1036
249 1422
249 1457
250 377
250 529
250 730
250 1253
251 415
251 776
251 1199
252 743
252 1010
252 1193
252 1437
253 330
253 469
253 860
253 969
253 1154
253 1195
253 1286
254 963
254 1486
255 389
255 1054
255 1314
255 1351
256 394
256 433
256 471
256 867
256 1092
257 365
257 918
257 975
257 1151
258 623
258 755
258 793
258 961
258 1178
258 1426
259 503
259 778
259 1439
260 383
260 789
260 989
260 1029
261 358
261 619
261 693
261 1330
262 550
262 748
263 510
263 641
263 876
263 1217
264 433
264 678
264 822
265 753
265 1144
265 1410
266 801
266 1074
268 787
268 1340
268 1420
269 1035
270 1315
270 1321
271 428
271 665
272 282
272 342
272 369
272 1176
272 1407
273 420
273 526
274 402
274 561
274 1091
274 1137
275 282
275 672
275 789
275 844
276 288
276 450
276 601
276 721
276 758
276 1358
276 1448
277 538
277 833
278 308
278 699
279 435
279 1262
280 857
280 1189
280 1243
280 1278
280 1364
280 1374
280 1443
281 537
281 550
281 898
281 1062
281 1257
281 1412
282 374
282 525
282 864
282 1121
282 1451
283 636
283 1390
284 668
284 775
284 844
285 1008
285 1047
285 1206
286 365
286 368
286 424
286 883
287 365
287 696
287 1172
287 1429
288 413
288 770
288 830
288 1017
288 1023
288 1469
289 537
289 651
289 1077
290 585
290 792
290 849
290 1166
290 1359
291 1052
291 1186
291 1253
292 929
293 987
293 1026
293 1104
294 327
294 1077
294 1327
295 540
295 597
295 1046
295 1106
295 1341
295 1438
296 456
296 551
296 805
296 1194
297 688
297 1410
298 675
298 693
298 1106
299 1217
300 463
300 921
300 1471
301 344
301 1408
302 443
302 526
302 563
302 1259
302 1387
303 369
303 697
303 962
303 1242
304 841
305 490
305 546
305 778
305 1107
305 1167
305 1479
306 391
306 430
306 783
306 939
306 965
306 1102
307 519
307 589
307 965
307 1382
308 321
308 1257
308 1491
309 558
309 890
310 1002
310 1151
310 1172
311 487
311 490
311 927
311 1100
311 1143
312 1285
313 670
313 869
313 904
313 1408
314 390
314 405
314 830
314 1128
314 1156
314 1245
315 456
315 954
315 1396
316 486
316 563
316 977
316 1247
316 1401
317 605
317 634
317 1122
317 1456
318 492
318 637
318 744
318 766
318 1013
318 1020
319 466
319 508
319 1138
319 1313
320 632
320 881
320 1380
321 326
321 893
321 1194
322 384
323 1356
324 439
324 1305
324 1373
325 686
325 1325
325 1493
326 643
326 769
326 946
326 1377
326 1437
327 969
327 1133
327 1180
327 1266
328 391
328 1326
329 442
329 754
329 892
329 1451
330 770
330 1106
330 1129
330 1320
331 642
331 690
331 1193
331 1433
332 1167
332 1311
332 1343
333 577
333 1075
334 430
334 1057
335 1220
336 390
336 501
336 938
337 495
337 503
337 990
337 1020
337 1212
338 391
338 514
338 1257
338 1444
338 1460
339 1486
340 421
340 1144
340 1171
341 556
341 866
341 1339
342 582
342 583
343 880
343 934
343 1067
344 700
344 780
344 797
344 1074
345 476
345 799
346 760
347 478
347 511
348 476
348 1152
349 580
349 760
349 1233
350 457
350 598
350 955
350 1311
350 1335
351 1370
352 883
352 1363
353 507
353 569
353 697
354 483
354 911
354 929
354 1166
354 1209
354 1402
355 619
355 637
355 1016
356 613
356 1041
356 1081
356 1155
357 748
357 1102
357 1443
359 479
359 673
359 779
360 509
360 577
360 892
360 919
361 982
362 731
362 836
362 1198
362 1386
363 1058
363 1331
364 1338
364 1464
365 721
365 942
366 540
367 549
367 559
367 578
367 674
367 1237
367 1382
369 1239
369 1454
370 389
370 507
370 1073
370 1076
371 838
372 658
373 394
373 505
374 759
374 947
374 1401
375 1451
376 778
377 868
377 1417
379 1020
379 1318
380 684
380 1001
380 1167
381 614
381 634
381 1075
381 1263
382 576
382 708
382 715
382 1044
382 1171
382 1404
383 743
383 1073
384 807
384 866
384 922
384 985
385 610
385 1066
385 1274
385 1344
385 1387
386 720
386 1201
386 1392
387 708
387 948
387 1349
388 545
388 708
388 823
388 950
388 999
389 606
389 923
389 967
389 1157
389 1438
390 971
390 1416
391 965
391 1148
392 475
392 1158
393 465
393 514
393 1213
393 1413
393 1483
394 582
394 644
394 834
394 838
394 1157
395 586
395 802
395 1400
395 1437
396 509
396 582
396 817
396 1351
397 788
397 1029
397 1296
397 1397
398 734
398 868
398 1007
398 1375
399 969
399 1079
400 482
400 1072
400 1269
401 467
401 682
401 774
401 828
402 961
403 479
403 692
403 745
404 831
405 421
405 801
405 1171
405 1498
406 1005
406 1257
407 810
407 906
407 1084
407 1228
407 1324
407 1485
408 1022
408 1269
409 983
410 431
410 436
411 634
411 1145
412 731
412 1429
413 965
413 1429
414 942
414 1489
415 520
415 909
415 1082
415 1272
415 1347
415 1375
416 611
416 801
416 1107
416 1436
417 603
417 885
417 1004
417 1031
418 532
419 556
419 560
419 676
419 1291
419 1356
420 511
420 701
421 649
422 628
422 965
423 1008
423 1360
424 435
425 644
425 798
425 1056
425 1074
425 1320
426 593
426 1145
426 1225
426 1242
427 435
429 1115
429 1172
429 1196
430 440
430 824
430 903
430 943
430 1469
431 827
431 1374
431 1491
432 608
432 897
432 973
433 488
433 570
433 586
433 590
433 676
433 678
433 765
433 912
433 996
433 1453
434 880
434 1174
435 753
435 962
435 997
437 1167
438 622
438 844
438 1161
438 1185
438 1492
439 908
439 1186
439 1244
440 919
440 1045
441 784
441 899
441 1018
442 507
442 597
442 751
442 1371
443 600
443 861
443 892
444 792
445 528
445 638
445 696
445 1054
445 1335
445 1384
446 493
447 455
447 482
447 716
447 955
448 905
448 906
449 1243
450 461
450 1374
451 1363
452 480
452 481
452 1210
453 1478
453 1479
454 471
454 638
454 821
454 885
454 905
454 1077
454 1180
455 604
455 1197
455 1364
456 1387
456 1499
457 512
457 636
457 843
457 1022
457 1171
457 1428
458 492
458 736
459 685
459 699
459 766
460 794
460 990
460 1069
460 1327
460 1349
460 1448
461 1261
462 923
462 1407
462 1443
463 482
463 631
463 1090
463 1226
465 1403
466 580
467 674
467 1076
469 931
469 1099
470 897
470 929
470 1241
470 1326
471 487
471 614
471 693
471 714
471 802
472 491
472 501
472 504
473 585
473 724
473 782
473 832
473 904
473 1028
473 1460
474 1170
474 1318
475 767
475 956
475 960
475 1140
475 1218
476 1042
476 1116
476 1127
476 1227
476 1250
476 1304
476 1382
477 562
477 706
477 843
477 1431
478 568
478 950
479 753
479 1364
480 599
480 767
480 812
480 820
481 629
481 895
481 1374
482 528
482 1156
482 1438
483 783
483 959
483 960
483 1152
484 677
484 1270
484 1330
485 646
485 718
485 1097
486 784
486 800
486 853
486 860
486 1147
487 701
487 850
487 1004
487 1181
487 1346
488 679
488 1163
489 926
490 854
490 1081
490 1287
491 504
491 821
491 854
491 1026
491 1144
492 1058
492 1063
493 590
493 632
494 616
494 833
494 840
494 900
495 695
495 858
495 1001
495 1479
496 528
496 1097
496 1144
496 1228
497 753
497 786
497 950
497 1197
498 643
498 698
499 1386
500 614
500 1274
501 585
501 996
502 624
502 1107
503 843
504 783
504 1108
504 1126
504 1236
505 540
505 1197
505 1376
506 695
506 779
506 1139
507 783
507 1169
508 857
509 658
509 1273
510 735
510 1198
511 752
511 821
511 952
511 1022
511 1234
512 720
512 948
512 1113
512 1116
512 1410
512 1448
513 583
513 879
513 1449
514 568
514 990
514 1039
514 1103
514 1280
515 1293
515 1302
516 532
516 612
517 794
517 1035
517 1432
518 585
518 925
518 1096
518 1109
518 1415
519 1061
519 1288
519 1308
520 911
520 1343
522 610
522 1239
522 1284
523 888
523 1072
523 1317
523 1335
523 1357
524 550
524 567
524 685
524 1100
524 1332
525 597
525 885
525 1050
526 1215
526 1330
526 1390
527 1443
528 606
528 705
528 1098
528 1421
529 1493
530 639
530 752
530 771
530 813
530 868
530 1251
531 549
531 668
531 936
531 1039
532 907
532 1295
533 703
533 1235
533 1389
534 599
535 598
535 1462
536 1177
537 957
537 1079
537 1176
537 1426
538 682
538 773
538 789
538 881
538 1059
539 844
539 1226
540 633
541 701
541 1472
542 664
542 843
542 1412
543 700
543 733
543 1415
543 1443
544 581
544 803
544 1014
544 1066
544 1114
544 1369
545 1321
545 1429
546 956
546 1265
546 1381
547 1010
547 1038
547 1484
548 1479
549 692
549 694
550 564
550 882
550 1391
551 571
551 712
551 860
551 1233
552 601
552 1001
552 1105
553 704
553 1245
554 831
555 596
555 745
555 1125
556 634
556 815
556 1018
557 738
558 669
558 1379
559 667
559 792
559 845
559 1065
559 1463
560 1343
561 647
561 734
561 1000
561 1143
561 1157
561 1418
561 1441
563 655
563 1371
564 581
564 821
564 1454
565 596
565 632
565 958
567 631
567 695
567 958
567 1206
567 1341
568 761
569 984
569 1360
570 745
570 1239
570 1410
571 927
571 1316
572 723
572 929
572 1076
573 738
573 923
574 984
574 1107
575 1184
575 1197
576 960
576 1254
576 1301
577 1390
577 1398
578 971
578 1239
579 727
579 1150
580 1347
580 1442
582 1230
583 610
583 833
583 963
584 609
585 1388
585 1497
586 772
586 807
586 1249
587 932
588 917
588 1318
588 1383
589 700
589 702
589 1425
590 632
590 656
590 1023
590 1090
591 716
591 1359
592 804
592 811
593 709
594 991
595 750
595 1177
595 1477
596 871
596 1353
597 898
597 1234
598 1128
598 1494
599 806
599 963
600 686
600 947
600 1066
600 1181
600 1189
600 1411
601 1023
601 1030
601 1222
602 763
602 1308
603 1439
604 1009
604 1377
604 1492
605 612
605 645
605 1026
605 1121
605 1232
606 686
606 993
607 763
607 810
609 664
609 853
609 1245
609 1275
611 656
613 848
613 909
614 655
614 662
615 1210
616 832
616 918
616 1015
616 1476
616 1486
617 717
617 948
617 1184
618 1120
618 1155
618 1305
618 1420
618 1442
619 767
619 1053
619 1273
619 1420
620 796
620 1467
621 749
621 905
622 928
623 630
623 1447
624 813
624 1082
624 1318
625 886
625 940
625 1055
625 1098
626 946
626 1148
627 639
627 746
627 1401
628 650
628 938
628 1243
629 776
629 827
629 1408
630 1313
631 812
631 1236
631 1400
632 885
632 1212
632 1460
633 817
633 1045
634 744
634 1036
634 1108
634 1395
635 831
635 918
635 1121
635 1201
635 1271
636 884
636 1020
636 1226
637 691
639 840
640 1254
641 648
641 900
641 901
641 948
641 1391
642 1337
643 1168
644 779
644 1003
645 954
645 1046
645 1110
645 1177
646 761
646 817
646 893
646 1121
646 1130
647 677
647 908
647 1082
647 1154
647 1181
647 1350
648 871
648 1040
649 773
649 960
649 1493
650 834
650 1215
651 1232
651 1420
652 720
654 832
654 844
655 973
655 1080
655 1438
657 739
657 832
657 845
657 919
657 1306
658 737
658 967
658 1193
658 1495
659 723
659 778
661 1078
661 1467
662 1002
662 1050
662 1382
663 1080
663 1366
665 1053
669 1319
670 735
670 823
670 1153
671 809
671 882
671 1104
671 1385
674 786
674 965
674 1264
674 1386
674 1490
675 901
675 1234
675 1246
676 821
676 1459
677 829
680 921
680 1044
680 1317
680 1347
681 714
681 1206
681 1315
682 699
684 728
684 832
685 766
685 975
685 1035
685 1290
686 1156
687 1151
687 1180
687 1262
687 1330
688 1012
688 1182
688 1426
688 1468
689 867
689 941
689 1032
689 1067
690 1077
690 1102
690 1354
691 972
691 1471
692 974
692 978
692 1051
692 1115
692 1258
693 989
693 1236
696 737
696 991
696 1195
696 1279
696 1369
696 1454
697 971
697 996
697 1474
699 866
700 759
700 769
700 827
700 1031
700 1034
702 1022
702 1443
703 923
703 997
703 1018
703 1292
703 1317
704 949
705 1405
706 1312
707 873
707 1366
707 1371
708 930
708 1270
708 1377
709 891
709 1329
709 1472
711 821
711 960
713 795
713 1011
713 1490
714 777
714 1356
714 1360
715 716
716 1468
717 750
717 1466
718 1076
718 1274
720 1177
720 1469
721 814
721 919
724 1204
724 1227
724 1357
726 1203
726 1469
727 746
727 1081
728 1035
728 1231
728 1267
728 1362
729 796
729 1335
730 1444
731 1231
732 835
732 1355
733 1462
734 959
734 998
735 1110
735 1322
736 933
736 1168
738 1130
738 1393
739 751
739 951
739 1225
741 1124
741 1184
741 1290
741 1322
741 1492
742 1114
742 1346
743 818
743 962
743 1103
743 1144
744 1105
744 1356
744 1447
745 1137
746 768
746 1149
746 1165
746 1411
747 870
747 1460
748 934
749 1228
749 1477
750 1478
752 962
752 1153
752 1331
753 937
753 1032
753 1106
754 909
755 857
755 1173
755 1359
755 1458
756 1175
757 840
757 844
760 1467
762 1139
762 1205
762 1229
762 1260
764 784
764 931
766 1032
766 1163
767 794
768 815
768 1178
768 1272
768 1290
768 1399
769 1137
769 1420
771 1196
772 919
772 1135
773 906
773 915
773 1074
773 1359
774 984
774 1131
775 776
777 1087
777 1293
778 1078
778 1329
778 1415
779 1064
779 1308
780 893
780 1271
781 1136
781 1208
781 1255
781 1382
782 905
782 1057
782 1080
782 1376
784 940
784 1019
784 1282
785 1109
785 1443
786 1404
787 896
787 1483
788 884
788 1044
788 1092
788 1308
789 901
789 1133
790 967
790 1060
790 1072
791 1134
792 1447
793 977
793 1041
793 1055
793 1192
794 1464
794 1495
795 809
795 841
796 1379
798 969
798 1183
798 1188
798 1489
799 1234
801 1175
801 1263
802 945
802 1053
803 1209
803 1304
804 927
805 846
805 1024
806 1032
806 1265
807 849
807 892
807 950
807 1021
807 1387
808 1281
809 885
809 968
809 1330
809 1350
809 1381
810 1498
812 939
812 1181
812 1248
813 819
813 1010
813 1068
813 1128
814 1126
814 1230
815 924
816 869
816 1107
816 1115
817 932
819 1031
819 1352
820 829
820 999
820 1011
820 1118
820 1274
821 911
821 956
822 941
822 1026
822 1118
822 1295
822 1426
824 1244
825 1107
825 1207
826 903
827 1445
827 1459
828 1063
829 1094
829 1352
829 1396
829 1452
830 1277
830 1415
830 1478
830 1482
831 1170
831 1261
831 1457
832 952
832 1198
832 1378
832 1406
832 1468
833 852
835 1347
836 909
836 1483
837 1417
838 1225
838 1276
839 849
841 948
842 887
842 1449
843 1055
844 946
844 963
844 987
846 1266
846 1337
846 1360
847 949
847 1033
847 1148
847 1359
848 1050
849 1219
849 1249
850 1474
851 1206
851 1261
852 909
852 1258
853 1350
855 869
855 924
855 1308
855 1334
855 1398
855 1446
856 1307
856 1345
857 1162
857 1234
857 1336
858 1147
858 1273
858 1390
859 867
859 1440
860 948
860 1148
860 1313
861 1168
862 1386
863 1056
864 1030
865 915
866 1169
866 1360
867 1380
867 1455
867 1485
869 1247
869 1405
869 1435
870 1203
870 1288
871 999
871 1263
871 1447
872 1155
872 1174
872 1322
872 1442
872 1464
873 874
873 1113
873 1260
875 1288
875 1419
876 1449
878 1470
881 1237
881 1483
883 1347
884 1253
886 904
886 1231
890 1038
890 1125
890 1334
890 1429
891 1259
891 1349
892 900
894 1066
894 1135
895 923
896 1393
896 1462
898 1425
899 1279
899 1379
899 1426
900 1111
900 1178
900 1476
901 1185
902 1499
905 1024
905 1431
906 989
906 1067
906 1424
907 1111
907 1259
907 1422
907 1436
908 1098
908 1180
908 1347
909 1036
910 1055
910 1291
910 1497
911 1049
911 1075
911 1334
911 1360
912 998
912 1112
913 1073
913 1115
914 1276
914 1311
915 1119
916 1199
917 1252
917 1320
917 1469
918 1401
919 946
920 1216
920 1274
921 1303
922 946
923 1395
924 998
924 1347
924 1389
925 986
926 1154
926 1166
928 1131
928 1400
929 1492
930 949
930 1289
931 1305
932 1124
932 1457
933 939
933 1288
933 1371
935 1109
936 1320
937 1126
938 1362
939 1164
939 1191
940 1054
940 1370
941 1245
941 1460
942 964
942 1336
942 1397
943 1023
944 1337
945 1012
945 1191
945 1493
946 993
946 1009
946 1367
947 1076
947 1087
947 1375
949 1060
949 1250
950 1208
950 1223
950 1313
951 1055
951 1161
952 1059
952 1168
952 1177
952 1193
952 1271
953 1103
954 1140
956 1308
956 1339
956 1378
956 1460
957 1066
957 1116
959 1066
959 1458
960 965
960 1001
960 1116
960 1380
961 1328
961 1375
962 1165
962 1207
962 1215
963 1211
963 1313
964 1109
964 1158
964 1159
965 1106
966 988
967 1277
967 1292
967 1361
968 1028
968 1117
968 1200
969 1083
969 1111
969 1244
970 1197
970 1261
971 1233
972 1009
973 1181
976 1394
977 982
977 1047
977 1089
977 1093
977 1343
978 1013
978 1385
979 1438
982 1111
982 1377
983 1068
983 1260
984 1248
985 1089
985 1139
986 1123
987 1196
987 1286
988 1270
988 1363
989 1054
989 1210
990 1422
991 1038
991 1278
991 1392
991 1444
993 1011
993 1159
993 1335
997 1079
997 1304
998 1088
998 1401
999 1022
999 1436
999 1495
1002 1041
1002 1137
1002 1400
1003 1217
1003 1240
1003 1427
1004 1432
1004 1435
1004 1491
1005 1359
1005 1436
1007 1124
1008 1059
1008 1156
1009 1068
1009 1203
1009 1350
1011 1032
1011 1321
1012 1440
1013 1370
1014 1088
1014 1218
1014 1480
1015 1357
1016 1078
1018 1267
1018 1368
1019 1038
1019 1494
1020 1055
1020 1138
1020 1293
1020 1314
1021 1185
1021 1306
1022 1153
1023 1350
1025 1215
1025 1352
1026 1484
1028 1061
1028 1110
1028 1476
1029 1272
1033 1078
1033 1446
1034 1478
1035 1064
1035 1283
1036 1418
1038 1198
1039 1101
1039 1137
1040 1091
1040 1411
1044 1291
1045 1078
1045 1240
1045 1411
1046 1106
1046 1206
1046 1436
1046 1454
1047 1067
1047 1121
1047 1130
1047 1219
1047 1237
1049 1134
1049 1168
1049 1280
1049 1302
1049 1415
1050 1313
1052 1238
1053 1385
1053 1387
1054 1275
1054 1339
1055 1379
1056 1092
1056 1433
1057 1061
1058 1211
1059 1120
1059 1292
1059 1436
1060 1405
1061 1224
1061 1286
1061 1318
1066 1154
1067 1256
1068 1099
1069 1211
1069 1416
1069 1478
1071 1161
1071 1205
1071 1424
1073 1077
1073 1142
1074 1391
1074 1475
1076 1086
1076 1354
1079 1108
1079 1424
1079 1477
1080 1095
1080 1199
1080 1217
1080 1277
1080 1493
1081 1359
1084 1361
1086 1427
1086 1439
1088 1319
1088 1499
1089 1193
1090 1127
1090 1420
1090 1490
1091 1352
1092 1340
1093 1101
1093 1135
1093 1465
1095 1288
1095 1391
1096 1223
1097 1290
1097 1341
1097 1420
1098 1360
1098 1444
1099 1402
1099 1411
1099 1455
1099 1461
1100 1243
1100 1253
1100 1499
1101 1128
1101 1224
1103 1243
1106 1197
1106 1480
1111 1160
1111 1204
1112 1272
1116 1234
1116 1405
1119 1289
1120 1272
1120 1458
1121 1241
1122 1304
1123 1174
1124 1132
1124 1167
1126 1264
1127 1353
1128 1339
1129 1193
1129 1245
1129 1377
1130 1193
1130 1334
1131 1492
1133 1163
1134 1469
1135 1198
1136 1225
1136 1314
1137 1265
1137 1285
1138 1422
1139 1198
1139 1489
1140 1212
1141 1460
1142 1453
1142 1496
1144 1215
1144 1295
1145 1361
1149 1240
1149 1338
1152 1423
1152 1471
1153 1317
1153 1419
1154 1198
1155 1230
1157 1477
1159 1219
1161 1355
1161 1406
1162 1174
1162 1202
1165 1462
1169 1201
1171 1460
1172 1267
1173 1393
1176 1209
1179 1387
1180 1263
1184 1465
1185 1396
1186 1471
1187 1199
1187 1386
1188 1192
1189 1449
1191 1474
1192 1281
1192 1345
1195 1318
1197 1271
1197 1289
1199 1362
1206 1228
1206 1298
1207 1343
1207 1490
1208 1251
1208 1454
1210 1272
1211 1243
1212 1402
1213 1484
1214 1474
1217 1318
1217 1442
1221 1316
1223 1253
1224 1228
1225 1282
1226 1445
1226 1447
1227 1478
1228 1468
1230 1294
1230 1432
1231 1261
1231 1326
1233 1248
1233 1484
1234 1457
1235 1445
1235 1447
1236 1268
1236 1287
1236 1431
1238 1358
1238 1494
1240 1395
1242 1316
1242 1434
1243 1313
1243 1385
1244 1264
1244 1297
1245 1301
1246 1303
1246 1415
1246 1473
1247 1284
1247 1488
1248 1401
1248 1416
1249 1284
1252 1425
1254 1320
1256 1305
1256 1324
1260 1453
1261 1336
1266 1305
1266 1442
1268 1423
1269 1490
1270 1478
1275 1325
1275 1464
1277 1359
1278 1318
1281 1354
1282 1420
1284 1287
1286 1298
1286 1359
1289 1291
1290 1407
1292 1397
1293 1387
1295 1418
1295 1478
1299 1371
1300 1407
1300 1445
1301 1344
1302 1327
1302 1426
1303 1425
1304 1333
1305 1402
1308 1448
1310 1364
1311 1402
1311 1494
1315 1396
1316 1347
1318 1432
1320 1496
1321 1341
1322 1359
1324 1494
1328 1431
1329 1459
1330 1479
1333 1336
1337 1461
1339 1346
1339 1397
1339 1407
1341 1486
1342 1463
1347 1481
1349 1449
1350 1478
1351 1419
1353 1490
1356 1492
1362 1391
1362 1499
1365 1388
1370 1445
1371 1422
1401 1421
1409 1492
1427 1460
1438 1498
1439 1489
1453 1478
1456 1475
1457 1469
1490 1493
30 30
64 64
78 78
85 85
183 183
464 464
468 468
521 521
566 566
660 660
683 683
722 722
725 725
877 877
994 994
1027 1027
1037 1037
1048 1048
1070 1070
1146 1146
1372 1372
1487 1487
1500 1500
